prob000
  0.000000   0.000000   0.020000 (  0.030557)
prob001
  0.000000   0.010000   0.040000 (  0.045279)
prob002
  0.000000   0.000000   0.040000 (  0.033938)
prob003
  0.000000   0.000000   0.080000 (  0.092238)
prob004
  0.000000   0.000000   0.040000 (  0.040705)
prob005
  0.000000   0.000000   0.070000 (  0.070070)
prob006
  0.000000   0.000000   0.150000 (  0.162506)
prob007
  0.000000   0.000000   0.090000 (  0.093762)
prob008
  0.000000   0.000000   0.130000 (  0.137612)
prob009
  0.000000   0.000000   0.110000 (  0.128318)
prob010
  0.000000   0.000000   0.080000 (  0.074487)
prob011
  0.000000   0.000000   0.040000 (  0.057439)
prob012
  0.000000   0.000000   0.130000 (  0.124496)
prob013
  0.000000   0.000000   0.100000 (  0.112114)
prob014
  0.000000   0.000000   0.110000 (  0.117728)
prob015
  0.000000   0.000000   0.370000 (  0.381542)
prob016
  0.000000   0.010000   0.300000 (  0.289703)
prob017
  0.000000   0.000000   0.440000 (  0.454600)
prob018
  0.000000   0.000000   0.460000 (  0.464084)
prob019
  0.000000   0.000000   0.440000 (  0.444720)
prob020
  0.000000   0.000000   0.380000 (  0.389829)
prob021
  0.000000   0.000000   0.550000 (  0.557877)
prob022
  0.000000   0.000000   0.670000 (  0.686722)
prob023
  0.000000   0.000000   0.420000 (  0.420597)
prob024
  0.000000   0.000000   0.390000 (  0.403850)
prob025
  0.000000   0.000000   0.400000 (  0.403392)
prob026
  0.000000   0.000000   1.000000 (  1.010098)
prob027
  0.000000   0.000000   0.720000 (  0.735685)
prob028
  0.000000   0.000000   0.760000 (  0.759174)
prob029
  0.000000   0.000000   0.390000 (  0.397699)
prob030
  0.000000   0.000000   0.770000 (  0.783767)
prob031
  0.000000   0.000000   0.110000 (  0.114157)
prob032
  0.000000   0.000000   0.800000 (  0.803868)
prob033
  0.000000   0.000000   0.680000 (  0.687845)
prob034
  0.000000   0.010000   0.840000 (  0.845053)
prob035
  0.000000   0.000000   2.530000 (  2.535413)
prob036
  0.000000   0.000000   0.900000 (  0.911422)
prob037
  0.000000   0.000000   0.680000 (  0.687214)
prob038
  0.000000   0.000000   1.020000 (  1.030408)
prob039
  0.000000   0.000000   0.070000 (  0.080485)
prob040
  0.000000   0.000000   0.340000 (  0.338543)
prob041
  0.000000   0.000000   1.760000 (  1.773888)
prob042
  0.000000   0.000000   0.940000 (  0.951589)
prob043
  0.000000   0.000000   0.830000 (  0.832632)
prob044
  0.000000   0.000000   4.590000 (  4.604522)
prob045
  0.000000   0.000000   1.500000 (  1.520343)
prob046
  0.000000   0.000000   2.850000 (  2.866773)
prob047
  0.000000   0.000000   4.340000 (  4.345834)
prob048
  0.000000   0.000000   5.500000 (  5.514831)
prob049
  0.000000   0.000000   0.830000 (  0.836734)
prob050
  0.000000   0.000000   2.730000 (  2.733253)
prob051
  0.000000   0.010000   5.700000 (  5.702665)
prob052
  0.000000   0.000000   5.390000 (  5.402405)
prob053
  0.000000   0.000000   2.490000 (  2.501952)
prob054
  0.000000   0.000000   3.150000 (  3.165616)
prob055
  0.000000   0.000000   8.820000 (  8.831797)
prob056
  0.000000   0.000000   2.570000 (  2.585577)
prob057
  0.000000   0.000000   3.510000 (  3.518402)
prob058
  0.000000   0.000000   2.900000 (  2.908801)
prob059
  0.000000   0.000000   3.710000 (  3.714611)
prob060
  0.000000   0.000000   3.730000 (  3.754624)
prob061
  0.000000   0.000000   5.710000 (  5.709941)
prob062
  0.000000   0.000000   9.090000 (  9.107127)
prob063
  0.000000   0.000000   2.310000 (  2.328587)
prob064
  0.000000   0.000000  13.650000 ( 13.661623)
prob065
  0.010000   0.000000   6.740000 (  6.783663)
prob066
  0.000000   0.000000   9.710000 (  9.722600)
prob067
  0.000000   0.000000   1.740000 (  1.739377)
prob068
  0.000000   0.010000   8.760000 (  8.776855)
prob069
  0.000000   0.000000  15.280000 ( 15.439192)
prob070
  0.000000   0.000000   5.440000 (  5.458018)
prob071
  0.000000   0.000000   6.310000 (  6.333179)
prob072
  0.000000   0.000000  11.810000 ( 12.318437)
prob073
  0.000000   0.000000   8.330000 (  8.347876)
prob074
  0.000000   0.000000  28.400000 ( 28.540051)
prob075
  0.000000   0.000000   2.380000 (  2.507944)
prob076
  0.000000   0.000000  14.040000 ( 14.274899)
prob077
  0.000000   0.000000   3.050000 (  3.073310)
prob078
  0.000000   0.000000  21.680000 ( 21.849564)
prob079
  0.000000   0.000000  18.550000 ( 18.576669)
prob080
  0.000000   0.000000  15.360000 ( 15.384227)
prob081
  0.000000   0.000000  10.350000 ( 10.350497)
prob082
  0.000000   0.000000  14.950000 ( 15.005405)
prob083
  0.000000   0.000000  34.240000 ( 34.391057)
prob084
  0.000000   0.000000  12.610000 ( 12.664623)
prob085
  0.000000   0.000000  23.320000 ( 23.377944)
prob086
  0.000000   0.010000  58.870000 ( 59.178580)
prob087
  0.000000   0.000000  42.040000 ( 42.145986)
prob088
  0.000000   0.000000  58.980000 ( 59.061499)
prob089
  0.000000   0.000000  26.880000 ( 26.913145)
prob090
  0.000000   0.000000  63.630000 ( 63.718319)
prob091
  0.000000   0.000000  68.810000 ( 68.931618)
prob092
  0.000000   0.000000  23.100000 ( 23.146134)
prob093
  0.000000   0.000000  89.410000 ( 89.508331)
prob094
  0.000000   0.000000  25.810000 ( 25.848409)
prob095
  0.000000   0.000000  33.520000 ( 33.574794)
prob096
  0.000000   0.000000 155.570000 (155.764415)
prob097
  0.000000   0.000000  91.870000 (116.938121)
prob098
  0.000000   0.000000 267.730000 (279.907654)
prob099
  0.000000   0.000000 373.360000 (376.529746)
total about 35 minutes
