prob000
  0.000000   0.000000   0.010000 (  0.018893)
prob001
  0.000000   0.000000   0.030000 (  0.034818)
prob002
  0.000000   0.000000   0.020000 (  0.022828)
prob003
  0.000000   0.000000   0.070000 (  0.075016)
prob004
  0.000000   0.000000   0.030000 (  0.034510)
prob005
  0.000000   0.000000   0.050000 (  0.056402)
prob006
  0.000000   0.000000   0.120000 (  0.121470)
prob007
  0.000000   0.000000   0.050000 (  0.059608)
prob008
  0.000000   0.000000   0.090000 (  0.101444)
prob009
  0.000000   0.000000   0.100000 (  0.094283)
prob010
  0.000000   0.000000   0.040000 (  0.046716)
prob011
  0.000000   0.000000   0.040000 (  0.041847)
prob012
  0.000000   0.000000   0.090000 (  0.092653)
prob013
  0.000000   0.000000   0.070000 (  0.079015)
prob014
  0.000000   0.000000   0.090000 (  0.080964)
prob015
  0.000000   0.010000   0.280000 (  0.282758)
prob016
  0.000000   0.000000   0.200000 (  0.204740)
prob017
  0.000000   0.000000   0.320000 (  0.325337)
prob018
  0.000000   0.000000   0.330000 (  0.335283)
prob019
  0.000000   0.000000   0.310000 (  0.317283)
prob020
  0.000000   0.000000   0.280000 (  0.281660)
prob021
  0.000000   0.000000   0.380000 (  0.394817)
prob022
  0.000000   0.000000   0.520000 (  0.525941)
prob023
  0.000000   0.000000   0.310000 (  0.319506)
prob024
  0.000000   0.000000   0.310000 (  0.337522)
prob025
  0.000000   0.000000   0.300000 (  0.330293)
prob026
  0.000000   0.000000   0.740000 (  0.754652)
prob027
  0.000000   0.000000   0.550000 (  0.571752)
prob028
  0.000000   0.000000   0.590000 (  0.605412)
prob029
  0.000000   0.000000   0.280000 (  0.295280)
prob030
  0.000000   0.000000   0.590000 (  0.596581)
prob031
  0.000000   0.000000   0.070000 (  0.080701)
prob032
  0.000000   0.010000   0.620000 (  0.615932)
prob033
  0.000000   0.000000   0.540000 (  0.544578)
prob034
  0.000000   0.000000   0.650000 (  0.676938)
prob035
  0.000000   0.000000   1.870000 (  1.884965)
prob036
  0.000000   0.000000   0.670000 (  0.691611)
prob037
  0.000000   0.000000   0.490000 (  0.493579)
prob038
  0.000000   0.000000   0.750000 (  0.752388)
prob039
  0.000000   0.000000   0.050000 (  0.053549)
prob040
  0.000000   0.000000   0.230000 (  0.234779)
prob041
  0.000000   0.000000   1.260000 (  1.276847)
prob042
  0.000000   0.000000   0.730000 (  0.743038)
prob043
  0.000000   0.000000   0.620000 (  0.619789)
prob044
  0.000000   0.000000   3.360000 (  3.392217)
prob045
  0.000000   0.000000   1.080000 (  1.084810)
prob046
  0.000000   0.000000   2.080000 (  2.100266)
prob047
  0.000000   0.000000   3.260000 (  3.278351)
prob048
  0.000000   0.000000   4.240000 (  4.362813)
prob049
  0.000000   0.000000   0.610000 (  0.624809)
prob050
  0.000000   0.000000   1.990000 (  2.032370)
prob051
  0.000000   0.010000   4.370000 (  4.468263)
prob052
  0.000000   0.000000   3.930000 (  3.943887)
prob053
  0.000000   0.000000   1.820000 (  1.849442)
prob054
  0.000000   0.000000   2.360000 (  2.382825)
prob055
  0.000000   0.000000   6.770000 (  6.877202)
prob056
  0.000000   0.000000   1.930000 (  1.935828)
prob057
  0.000000   0.000000   2.590000 (  2.600708)
prob058
  0.000000   0.000000   2.110000 (  2.117563)
prob059
  0.000000   0.000000   2.700000 (  2.711360)
prob060
  0.000000   0.000000   2.740000 (  2.750156)
prob061
  0.000000   0.000000   4.170000 (  4.188976)
prob062
  0.000000   0.000000   6.670000 (  6.687788)
prob063
  0.000000   0.000000   1.690000 (  1.698561)
prob064
  0.000000   0.000000  10.050000 ( 10.068050)
prob065
  0.000000   0.000000   4.920000 (  4.978526)
prob066
  0.000000   0.000000   7.250000 (  7.360613)
prob067
  0.000000   0.000000   1.230000 (  1.242792)
prob068
  0.000000   0.000000   6.230000 (  6.256555)
prob069
  0.000000   0.010000  10.510000 ( 10.520199)
prob070
  0.000000   0.000000   3.760000 (  3.780426)
prob071
  0.000000   0.000000   4.460000 (  4.487641)
prob072
  0.000000   0.000000   8.120000 (  8.145250)
prob073
  0.000000   0.000000   5.920000 (  5.953257)
prob074
  0.000000   0.000000  20.030000 ( 20.114004)
prob075
  0.000000   0.000000   1.590000 (  1.611645)
prob076
  0.000000   0.000000   9.770000 (  9.819362)
prob077
  0.000000   0.000000   2.160000 (  2.166598)
prob078
  0.000000   0.000000  15.150000 ( 15.189870)
prob079
  0.000000   0.000000  13.420000 ( 13.449650)
prob080
  0.000000   0.000000  11.240000 ( 11.255089)
prob081
  0.000000   0.000000   7.690000 (  7.698112)
prob082
  0.000000   0.000000  11.000000 ( 11.127136)
prob083
  0.000000   0.000000  25.810000 ( 26.039711)
prob084
  0.000000   0.000000   8.970000 (  8.987741)
prob085
  0.000000   0.000000  17.460000 ( 17.557488)
prob086
  0.000000   0.010000  43.150000 ( 43.766330)
prob087
  0.000000   0.000000  30.310000 ( 30.347916)
prob088
  0.000000   0.000000  43.440000 ( 43.521672)
prob089
  0.000000   0.000000  19.480000 ( 19.491424)
prob090
  0.000000   0.000000  46.420000 ( 46.499833)
prob091
  0.000000   0.000000  50.520000 ( 50.578108)
prob092
  0.000000   0.000000  16.580000 ( 16.595398)
prob093
  0.000000   0.000000  65.900000 ( 66.264170)
prob094
  0.000000   0.000000  19.550000 ( 19.685720)
prob095
  0.000000   0.000000  24.870000 ( 25.017954)
prob096
  0.000000   0.000000 120.010000 (122.339842)
prob097
  0.000000   0.000000  58.340000 ( 59.122576)
prob098
  0.000000   0.000000 193.450000 (194.748399)
prob099
  0.000000   0.000000 299.860000 (302.311362)
total about 22 minutes
