prob000
  0.000000   0.010000   0.020000 (  0.015184)
prob001
  0.000000   0.000000   0.020000 (  0.028158)
prob002
  0.000000   0.000000   0.050000 (  0.056400)
prob003
  0.000000   0.000000   0.090000 (  0.092398)
prob004
  0.000000   0.000000   0.050000 (  0.050840)
prob005
  0.000000   0.000000   0.140000 (  0.158812)
prob006
  0.000000   0.000000   0.110000 (  0.103361)
prob007
  0.000000   0.000000   0.210000 (  0.224403)
prob008
  0.000000   0.000000   0.100000 (  0.094924)
prob009
  0.000000   0.000000   0.070000 (  0.079536)
prob010
  0.000000   0.000000   0.240000 (  0.239212)
prob011
  0.000000   0.000000   0.010000 (  0.020064)
prob012
  0.000000   0.000000   0.130000 (  0.141204)
prob013
  0.000000   0.000000   0.210000 (  0.209368)
prob014
  0.000000   0.000000   0.390000 (  0.399685)
prob015
  0.000000   0.000000   0.370000 (  0.377496)
prob016
  0.000000   0.000000   0.420000 (  0.432367)
prob017
  0.000000   0.000000   0.420000 (  0.428768)
prob018
  0.000000   0.010000   0.510000 (  0.506994)
prob019
  0.000000   0.000000   0.470000 (  0.479909)
prob020
  0.000000   0.000000   1.010000 (  1.009801)
prob021
  0.000000   0.000000   0.500000 (  0.498526)
prob022
  0.000000   0.000000   0.720000 (  0.738696)
prob023
  0.000000   0.000000   1.090000 (  1.095538)
prob024
  0.000000   0.000000   0.520000 (  0.520393)
prob025
  0.000000   0.000000   0.540000 (  0.560556)
prob026
  0.000000   0.000000   0.800000 (  0.794428)
prob027
  0.000000   0.000000   0.530000 (  0.548488)
prob028
  0.000000   0.000000   1.230000 (  1.233175)
prob029
  0.000000   0.000000   1.970000 (  2.021312)
prob030
  0.000000   0.000000   1.360000 (  1.373595)
prob031
  0.000000   0.000000   0.370000 (  0.377728)
prob032
  0.000000   0.000000   0.930000 (  0.938206)
prob033
  0.000000   0.000000   0.800000 (  0.812653)
prob034
  0.000000   0.000000   1.660000 (  1.660652)
prob035
  0.000000   0.000000   2.170000 (  2.215527)
prob036
  0.000000   0.000000   1.670000 (  1.709541)
prob037
  0.000000   0.000000   1.060000 (  1.061951)
prob038
  0.000000   0.010000   2.390000 (  2.489124)
prob039
  0.000000   0.000000   0.220000 (  0.217439)
prob040
  0.000000   0.000000   0.240000 (  0.263802)
prob041
  0.000000   0.000000   3.360000 (  3.371648)
prob042
  0.000000   0.000000   2.410000 (  2.432302)
prob043
  0.000000   0.000000   0.660000 (  0.672391)
prob044
  0.000000   0.000000   4.590000 (  4.599732)
prob045
  0.000000   0.000000   3.130000 (  3.147521)
prob046
  0.000000   0.000000   3.850000 (  3.880909)
prob047
  0.000000   0.000000   4.300000 (  4.334778)
prob048
  0.000000   0.000000   6.970000 (  7.106105)
prob049
  0.000000   0.000000   1.250000 (  1.290654)
prob050
  0.000000   0.000000   3.700000 (  3.742423)
prob051
  0.000000   0.000000   5.200000 (  5.261702)
prob052
  0.000000   0.000000   5.960000 (  6.098882)
prob053
  0.000000   0.000000   3.230000 (  3.274974)
prob054
  0.000000   0.000000   7.180000 (  7.228261)
prob055
  0.000000   0.000000  11.850000 ( 12.039908)
prob056
  0.000000   0.000000   7.630000 (  7.669703)
prob057
  0.000000   0.010000   7.120000 (  7.154072)
prob058
  0.000000   0.000000   7.340000 (  7.448747)
prob059
  0.000000   0.000000   7.820000 (  8.077492)
prob060
  0.000000   0.000000   8.640000 (  8.773917)
prob061
  0.000000   0.000000   6.670000 (  6.764288)
prob062
  0.000000   0.000000  12.190000 ( 12.327247)
prob063
  0.000000   0.000000   4.350000 (  4.370687)
prob064
  0.000000   0.000000   9.380000 (  9.438226)
prob065
  0.000000   0.000000  22.340000 ( 23.120661)
prob066
  0.000000   0.000000  12.320000 ( 12.574285)
prob067
  0.000000   0.000000   4.010000 (  4.197912)
prob068
  0.000000   0.000000  14.520000 ( 14.777099)
prob069
  0.000000   0.000000  11.630000 ( 11.995620)
prob070
  0.000000   0.000000   2.610000 (  2.657073)
prob071
  0.000000   0.000000  12.710000 ( 13.000815)
prob072
  0.000000   0.000000  18.760000 ( 19.509935)
prob073
  0.000000   0.000000  27.820000 ( 28.161822)
prob074
  0.000000   0.000000  17.800000 ( 18.024403)
prob075
  0.000000   0.000000   2.130000 (  2.141350)
prob076
  0.000000   0.010000  29.810000 ( 30.271703)
prob077
  0.000000   0.000000   5.380000 (  5.480329)
prob078
  0.000000   0.000000  45.340000 ( 45.890494)
prob079
  0.000000   0.000000  27.990000 ( 28.711939)
prob080
  0.000000   0.000000  37.650000 ( 38.348455)
prob081
  0.000000   0.000000  17.990000 ( 18.446215)
prob082
  0.000000   0.000000  26.670000 ( 27.444917)
prob083
  0.000000   0.000000  75.140000 ( 75.644007)
prob084
  0.000000   0.000000  21.400000 ( 21.796973)
prob085
  0.000000   0.000000  24.960000 ( 25.073649)
prob086
  0.000000   0.000000 154.450000 (155.659781)
prob087
  0.000000   0.000000  61.450000 ( 61.804651)
prob088
  0.000000   0.000000  94.070000 ( 94.854352)
prob089
  0.000000   0.000000  36.400000 ( 36.496240)
prob090
  0.000000   0.000000 136.910000 (137.370763)
prob091
  0.000000   0.000000 220.650000 (221.319773)
prob092
  0.000000   0.000000  21.820000 ( 21.856677)
prob093
  0.000000   0.000000 138.500000 (138.729221)
prob094
  0.000000   0.000000  44.290000 ( 44.416841)
prob095
  0.000000   0.000000  37.680000 ( 37.826013)
prob096
  0.000000   0.000000 251.180000 (252.497510)
prob097
  0.000000   0.000000 126.990000 (127.407023)
prob098
  0.000000   0.000000 1017.080000 (1023.287888)
prob099
  0.000000   0.000000 582.420000 (588.208342)
total about 58min
