prob000
  0.000000   0.010000   0.030000 (  0.028299)
prob001
  0.000000   0.000000   0.030000 (  0.035359)
prob002
  0.000000   0.000000   0.020000 (  0.027698)
prob003
  0.000000   0.000000   0.090000 (  0.086241)
prob004
  0.000000   0.000000   0.030000 (  0.040689)
prob005
  0.000000   0.000000   0.070000 (  0.062383)
prob006
  0.000000   0.000000   0.160000 (  0.158441)
prob007
  0.000000   0.000000   0.090000 (  0.091882)
prob008
  0.000000   0.000000   0.120000 (  0.131930)
prob009
  0.000000   0.000000   0.120000 (  0.121736)
prob010
  0.000000   0.000000   0.070000 (  0.063173)
prob011
  0.000000   0.000000   0.040000 (  0.048824)
prob012
  0.000000   0.000000   0.120000 (  0.118327)
prob013
  0.000000   0.000000   0.100000 (  0.104353)
prob014
  0.000000   0.000000   0.100000 (  0.109780)
prob015
  0.000000   0.000000   0.400000 (  0.386927)
prob016
  0.000000   0.000000   0.260000 (  0.269251)
prob017
  0.000000   0.010000   0.460000 (  0.460806)
prob018
  0.000000   0.000000   0.460000 (  0.461006)
prob019
  0.000000   0.000000   0.490000 (  0.498921)
prob020
  0.000000   0.000000   0.460000 (  0.492050)
prob021
  0.000000   0.000000   0.620000 (  0.647798)
prob022
  0.000000   0.000000   0.750000 (  0.764139)
prob023
  0.000000   0.000000   0.460000 (  0.486012)
prob024
  0.000000   0.000000   0.450000 (  0.458688)
prob025
  0.000000   0.000000   0.430000 (  0.434579)
prob026
  0.000000   0.000000   1.120000 (  1.138705)
prob027
  0.000000   0.000000   0.770000 (  0.783743)
prob028
  0.000000   0.000000   0.780000 (  0.785390)
prob029
  0.000000   0.000000   0.410000 (  0.403412)
prob030
  0.000000   0.000000   0.810000 (  0.834444)
prob031
  0.000000   0.000000   0.120000 (  0.118070)
prob032
  0.000000   0.000000   0.860000 (  0.878180)
prob033
  0.000000   0.000000   0.740000 (  0.756924)
prob034
  0.000000   0.000000   0.920000 (  0.932006)
prob035
  0.000000   0.010000   2.740000 (  2.758658)
prob036
  0.000000   0.000000   0.990000 (  1.004962)
prob037
  0.000000   0.000000   0.740000 (  0.751235)
prob038
  0.000000   0.000000   1.100000 (  1.112942)
prob039
  0.000000   0.000000   0.080000 (  0.085214)
prob040
  0.000000   0.000000   0.350000 (  0.347771)
prob041
  0.000000   0.000000   1.810000 (  1.827462)
prob042
  0.000000   0.000000   1.100000 (  1.131313)
prob043
  0.000000   0.000000   0.960000 (  0.980742)
prob044
  0.000000   0.000000   5.110000 (  5.206746)
prob045
  0.000000   0.000000   1.680000 (  1.701366)
prob046
  0.000000   0.000000   3.090000 (  3.151793)
prob047
  0.000000   0.000000   4.950000 (  5.018232)
prob048
  0.000000   0.000000   6.400000 (  6.535286)
prob049
  0.000000   0.000000   0.920000 (  0.950045)
prob050
  0.000000   0.000000   2.950000 (  3.017229)
prob051
  0.000000   0.000000   6.010000 (  6.014242)
prob052
  0.000000   0.000000   5.700000 (  5.702197)
prob053
  0.000000   0.010000   2.590000 (  2.587735)
prob054
  0.000000   0.000000   3.350000 (  3.363005)
prob055
  0.000000   0.000000   9.390000 (  9.403563)
prob056
  0.000000   0.000000   2.720000 (  2.721151)
prob057
  0.000000   0.000000   3.740000 (  3.743788)
prob058
  0.000000   0.000000   3.010000 (  3.019682)
prob059
  0.000000   0.000000   4.010000 (  4.011130)
prob060
  0.000000   0.000000   3.920000 (  3.935879)
prob061
  0.000000   0.000000   6.020000 (  6.025584)
prob062
  0.000000   0.000000   9.620000 (  9.626897)
prob063
  0.000000   0.000000   2.500000 (  2.516948)
prob064
  0.000000   0.000000  14.460000 ( 14.475177)
prob065
  0.000000   0.000000   6.870000 (  6.872012)
prob066
  0.000000   0.000000   9.890000 (  9.902193)
prob067
  0.000000   0.000000   1.790000 (  1.798582)
prob068
  0.000000   0.000000   8.900000 (  8.910662)
prob069
  0.000000   0.000000  15.510000 ( 15.553821)
prob070
  0.000000   0.000000   5.480000 (  5.481418)
prob071
  0.000000   0.010000   6.500000 (  6.505269)
prob072
  0.000000   0.000000  11.440000 ( 11.452611)
prob073
  0.000000   0.000000   8.630000 (  8.643967)
prob074
  0.000000   0.000000  29.230000 ( 29.252630)
prob075
  0.000000   0.000000   2.220000 (  2.231847)
prob076
  0.000000   0.000000  14.110000 ( 14.128111)
prob077
  0.000000   0.000000   3.110000 (  3.120685)
prob078
  0.000000   0.000000  22.810000 ( 22.826387)
prob079
  0.000000   0.000000  20.090000 ( 20.115507)
prob080
  0.000000   0.000000  16.970000 ( 16.984567)
prob081
  0.000000   0.000000  11.220000 ( 11.236669)
prob082
  0.000000   0.000000  15.600000 ( 15.622808)
prob083
  0.000000   0.000000  35.470000 ( 35.506420)
prob084
  0.000000   0.000000  13.260000 ( 13.278656)
prob085
  0.000000   0.000000  25.430000 ( 25.555940)
prob086
  0.000000   0.000000  61.480000 ( 61.525796)
prob087
  0.000000   0.000000  46.120000 ( 46.323711)
prob088
  0.000000   0.000000  64.530000 ( 64.611024)
prob089
  0.000000   0.010000  29.160000 ( 29.179463)
prob090
  0.000000   0.000000  70.540000 ( 72.947411)
prob091
  0.000000   0.000000  74.090000 ( 74.186101)
prob092
  0.000000   0.000000  25.120000 ( 25.150883)
prob093
  0.000000   0.000000  97.400000 ( 97.496886)
prob094
  0.000000   0.000000  28.080000 ( 28.111781)
prob095
  0.000000   0.000000  38.240000 ( 38.294536)
prob096
  0.000000   0.000000 170.140000 (170.291751)
prob097
  0.000000   0.000000  81.830000 ( 81.923624)
prob098
  0.000000   0.000000 279.440000 (281.648590)
prob099
  0.000000   0.000000 396.170000 (396.789274)

2240s
