prob000
  0.000000   0.010000   0.020000 (  0.020553)
prob001
  0.000000   0.000000   0.020000 (  0.027729)
prob002
  0.000000   0.000000   0.020000 (  0.021530)
prob003
  0.000000   0.000000   0.060000 (  0.062442)
prob004
  0.000000   0.000000   0.030000 (  0.031407)
prob005
  0.000000   0.000000   0.050000 (  0.047396)
prob006
  0.000000   0.000000   0.110000 (  0.113013)
prob007
  0.000000   0.000000   0.060000 (  0.067659)
prob008
  0.000000   0.000000   0.090000 (  0.093696)
prob009
  0.000000   0.000000   0.080000 (  0.088379)
prob010
  0.000000   0.000000   0.050000 (  0.045480)
prob011
  0.000000   0.000000   0.030000 (  0.035787)
prob012
  0.000000   0.000000   0.090000 (  0.087361)
prob013
  0.000000   0.000000   0.080000 (  0.084578)
prob014
  0.000000   0.000000   0.070000 (  0.081646)
prob015
  0.000000   0.000000   0.280000 (  0.274800)
prob016
  0.000000   0.010000   0.200000 (  0.198090)
prob017
  0.000000   0.000000   0.330000 (  0.335306)
prob018
  0.000000   0.000000   0.320000 (  0.333993)
prob019
  0.000000   0.000000   0.320000 (  0.322207)
prob020
  0.000000   0.000000   0.290000 (  0.286456)
prob021
  0.000000   0.000000   0.400000 (  0.402133)
prob022
  0.000000   0.000000   0.480000 (  0.483429)
prob023
  0.000000   0.000000   0.300000 (  0.307570)
prob024
  0.000000   0.000000   0.290000 (  0.299569)
prob025
  0.000000   0.000000   0.280000 (  0.282604)
prob026
  0.000000   0.000000   0.730000 (  0.735139)
prob027
  0.000000   0.000000   0.540000 (  0.547289)
prob028
  0.000000   0.000000   0.600000 (  0.614652)
prob029
  0.000000   0.000000   0.320000 (  0.330108)
prob030
  0.000000   0.000000   0.650000 (  0.676984)
prob031
  0.000000   0.000000   0.070000 (  0.074339)
prob032
  0.000000   0.000000   0.620000 (  0.631683)
prob033
  0.000000   0.010000   0.490000 (  0.492508)
prob034
  0.000000   0.000000   0.620000 (  0.626150)
prob035
  0.000000   0.000000   1.980000 (  2.003945)
prob036
  0.000000   0.000000   0.780000 (  0.815556)
prob037
  0.000000   0.000000   0.510000 (  0.527538)
prob038
  0.000000   0.000000   0.880000 (  0.941914)
prob039
  0.000000   0.000000   0.050000 (  0.055335)
prob040
  0.000000   0.000000   0.240000 (  0.245638)
prob041
  0.000000   0.000000   1.430000 (  1.480893)
prob042
  0.000000   0.000000   0.720000 (  0.726006)
prob043
  0.000000   0.000000   0.650000 (  0.664651)
prob044
  0.000000   0.000000   3.470000 (  3.483775)
prob045
  0.000000   0.000000   1.110000 (  1.120053)
prob046
  0.000000   0.000000   2.060000 (  2.058588)
prob047
  0.000000   0.000000   3.260000 (  3.274176)
prob048
  0.000000   0.000000   4.220000 (  4.244923)
prob049
  0.000000   0.010000   0.590000 (  0.580559)
prob050
  0.000000   0.000000   1.990000 (  1.998221)
prob051
  0.000000   0.000000   4.180000 (  4.194158)
prob052
  0.000000   0.000000   4.080000 (  4.082667)
prob053
  0.000000   0.000000   1.830000 (  1.838532)
prob054
  0.000000   0.000000   2.420000 (  2.425265)
prob055
  0.000000   0.000000   6.690000 (  6.712313)
prob056
  0.000000   0.000000   1.900000 (  1.913973)
prob057
  0.000000   0.000000   2.690000 (  2.693935)
prob058
  0.000000   0.000000   2.150000 (  2.156336)
prob059
  0.000000   0.000000   2.830000 (  2.833477)
prob060
  0.000000   0.000000   2.790000 (  2.809566)
prob061
  0.000000   0.000000   4.240000 (  4.243218)
prob062
  0.000000   0.000000   7.020000 (  7.040688)
prob063
  0.000000   0.000000   1.730000 (  1.743830)
prob064
  0.000000   0.000000  10.230000 ( 10.242306)
prob065
  0.000000   0.000000   4.810000 (  4.818101)
prob066
  0.000000   0.000000   7.060000 (  7.076712)
prob067
  0.000000   0.010000   1.300000 (  1.292993)
prob068
  0.000000   0.000000   6.430000 (  6.441766)
prob069
  0.000000   0.000000  10.990000 ( 11.008094)
prob070
  0.000000   0.000000   3.860000 (  3.860729)
prob071
  0.000000   0.000000   4.550000 (  4.565164)
prob072
  0.000000   0.000000   8.300000 (  8.304361)
prob073
  0.000000   0.000000   6.140000 (  6.156262)
prob074
  0.000000   0.000000  20.740000 ( 20.765399)
prob075
  0.000000   0.000000   1.580000 (  1.586984)
prob076
  0.000000   0.000000  10.070000 ( 10.088593)
prob077
  0.000000   0.000000   2.190000 (  2.196971)
prob078
  0.000000   0.000000  15.870000 ( 15.888424)
prob079
  0.000000   0.000000  14.840000 ( 15.081108)
prob080
  0.000000   0.000000  11.960000 ( 11.988261)
prob081
  0.010000   0.000000   7.920000 (  7.926902)
prob082
  0.000000   0.000000  11.000000 ( 11.027945)
prob083
  0.000000   0.000000  25.490000 ( 25.519503)
prob084
  0.000000   0.010000   9.160000 (  9.171220)
prob085
  0.000000   0.000000  17.550000 ( 17.573366)
prob086
  0.000000   0.000000  43.560000 ( 43.723343)
prob087
  0.000000   0.000000  34.070000 ( 34.507721)
prob088
  0.000000   0.000000  48.310000 ( 48.836609)
prob089
  0.000000   0.000000  21.480000 ( 21.649399)
prob090
  0.000000   0.000000  51.150000 ( 51.498615)
prob091
  0.000000   0.000000  55.300000 ( 55.802103)
prob092
  0.000000   0.000000  19.180000 ( 19.524700)
prob093
  0.000000   0.000000  74.260000 ( 75.099701)
prob094
  0.000000   0.000000  22.260000 ( 23.122417)
prob095
  0.000000   0.000000  27.310000 ( 27.730584)
prob096
  0.000000   0.000000 122.950000 (123.824511)
prob097
  0.000000   0.010000  61.870000 ( 62.981746)
prob098
  0.000000   0.000000 234.650000 (238.833138)
prob099
  0.000000   0.000000 310.780000 (315.008623)
