prob000
  0.000000   0.000000   0.010000 (  0.023497)
prob001
  0.000000   0.000000   0.020000 (  0.022676)
prob002
  0.000000   0.000000   0.020000 (  0.020318)
prob003
  0.000000   0.000000   0.040000 (  0.051689)
prob004
  0.000000   0.000000   0.030000 (  0.025258)
prob005
  0.000000   0.000000   0.040000 (  0.040610)
prob006
  0.000000   0.000000   0.100000 (  0.097729)
prob007
  0.000000   0.000000   0.050000 (  0.059414)
prob008
  0.000000   0.000000   0.070000 (  0.079611)
prob009
  0.000000   0.000000   0.090000 (  0.080573)
prob010
  0.000000   0.000000   0.030000 (  0.039695)
prob011
  0.000000   0.000000   0.030000 (  0.031363)
prob012
  0.000000   0.000000   0.070000 (  0.075987)
prob013
  0.000000   0.000000   0.060000 (  0.067525)
prob014
  0.000000   0.000000   0.080000 (  0.068440)
prob015
  0.000000   0.010000   0.240000 (  0.243038)
prob016
  0.000000   0.000000   0.170000 (  0.172631)
prob017
  0.000000   0.000000   0.280000 (  0.288673)
prob018
  0.000000   0.000000   0.290000 (  0.282751)
prob019
  0.000000   0.000000   0.270000 (  0.282116)
prob020
  0.000000   0.000000   0.240000 (  0.243672)
prob021
  0.000000   0.000000   0.330000 (  0.335497)
prob022
  0.000000   0.000000   0.410000 (  0.413588)
prob023
  0.000000   0.000000   0.250000 (  0.255806)
prob024
  0.000000   0.000000   0.250000 (  0.254071)
prob025
  0.000000   0.000000   0.240000 (  0.244519)
prob026
  0.000000   0.000000   0.620000 (  0.627393)
prob027
  0.000000   0.000000   0.440000 (  0.439283)
prob028
  0.000000   0.000000   0.460000 (  0.470356)
prob029
  0.000000   0.000000   0.240000 (  0.254310)
prob030
  0.000000   0.000000   0.480000 (  0.485610)
prob031
  0.000000   0.000000   0.080000 (  0.070505)
prob032
  0.000000   0.010000   0.490000 (  0.484059)
prob033
  0.000000   0.000000   0.410000 (  0.422676)
prob034
  0.000000   0.000000   0.570000 (  0.575512)
prob035
  0.000000   0.000000   1.690000 (  1.700331)
prob036
  0.000000   0.000000   0.560000 (  0.566487)
prob037
  0.000000   0.000000   0.420000 (  0.428558)
prob038
  0.000000   0.000000   0.670000 (  0.668728)
prob039
  0.000000   0.000000   0.040000 (  0.047530)
prob040
  0.000000   0.000000   0.200000 (  0.203788)
prob041
  0.000000   0.000000   1.090000 (  1.091564)
prob042
  0.000000   0.000000   0.580000 (  0.589363)
prob043
  0.010000   0.000000   0.520000 (  0.512807)
prob044
  0.000000   0.000000   2.860000 (  2.872521)
prob045
  0.000000   0.000000   0.950000 (  0.943790)
prob046
  0.000000   0.000000   1.730000 (  1.740122)
prob047
  0.000000   0.000000   2.760000 (  2.769334)
prob048
  0.000000   0.000000   3.520000 (  3.531697)
prob049
  0.000000   0.000000   0.490000 (  0.497434)
prob050
  0.000000   0.010000   1.650000 (  1.654073)
prob051
  0.000000   0.000000   3.550000 (  3.551135)
prob052
  0.000000   0.000000   3.410000 (  3.412674)
prob053
  0.000000   0.000000   1.570000 (  1.574712)
prob054
  0.000000   0.000000   1.980000 (  2.000628)
prob055
  0.000000   0.000000   5.620000 (  5.622794)
prob056
  0.000000   0.000000   1.620000 (  1.621389)
prob057
  0.000000   0.000000   2.250000 (  2.257305)
prob058
  0.000000   0.000000   1.770000 (  1.786818)
prob059
  0.000000   0.000000   2.370000 (  2.366409)
prob060
  0.000000   0.000000   2.380000 (  2.385057)
prob061
  0.000000   0.000000   3.610000 (  3.626615)
prob062
  0.000000   0.000000   5.750000 (  5.765728)
prob063
  0.000000   0.000000   1.440000 (  1.445598)
prob064
  0.000000   0.000000   8.860000 (  8.883259)
prob065
  0.000000   0.000000   4.090000 (  4.089737)
prob066
  0.000000   0.000000   5.940000 (  5.952450)
prob067
  0.000000   0.000000   1.070000 (  1.068301)
prob068
  0.000000   0.010000   5.420000 (  5.427042)
prob069
  0.000000   0.000000   9.300000 (  9.314208)
prob070
  0.000000   0.000000   3.310000 (  3.302450)
prob071
  0.000000   0.000000   3.810000 (  3.826384)
prob072
  0.000000   0.000000   7.110000 (  7.124168)
prob073
  0.000000   0.000000   5.080000 (  5.091242)
prob074
  0.000000   0.000000  17.490000 ( 17.510443)
prob075
  0.000000   0.000000   1.330000 (  1.345878)
prob076
  0.000000   0.000000   8.450000 (  8.447974)
prob077
  0.000000   0.000000   1.850000 (  1.864835)
prob078
  0.000000   0.000000  13.450000 ( 13.466444)
prob079
  0.000000   0.000000  11.870000 ( 11.885212)
prob080
  0.000000   0.000000   9.900000 (  9.905261)
prob081
  0.000000   0.000000   6.630000 (  6.641118)
prob082
  0.000000   0.000000   9.170000 (  9.183992)
prob083
  0.000000   0.000000  21.610000 ( 21.644575)
prob084
  0.000000   0.000000   7.650000 (  7.656872)
prob085
  0.000000   0.010000  14.640000 ( 14.643716)
prob086
  0.000000   0.000000  36.270000 ( 36.301112)
prob087
  0.000000   0.000000  27.040000 ( 27.098958)
prob088
  0.000000   0.000000  38.230000 ( 38.266503)
prob089
  0.000000   0.000000  17.120000 ( 17.145973)
prob090
  0.000000   0.000000  41.140000 ( 41.171553)
prob091
  0.000000   0.000000  44.070000 ( 44.108680)
prob092
  0.000000   0.000000  15.130000 ( 15.258468)
prob093
  0.000000   0.000000  62.280000 ( 63.460577)
prob094
  0.000000   0.000000  17.270000 ( 17.369608)
prob095
  0.000000   0.000000  21.430000 ( 21.473693)
prob096
  0.000000   0.000000 106.590000 (107.918878)
prob097
  0.000000   0.000000  50.420000 ( 50.771633)
prob098
  0.000000   0.000000 168.440000 (169.263814)
prob099
  0.000000   0.000000 244.080000 (246.014677)
1138s
