prob000
  0.000000   0.000000   0.010000 (  0.023273)
prob001
  0.000000   0.000000   0.030000 (  0.036175)
prob002
  0.000000   0.000000   0.030000 (  0.029980)
prob003
  0.000000   0.000000   0.080000 (  0.080500)
prob004
  0.000000   0.000000   0.030000 (  0.032416)
prob005
  0.000000   0.000000   0.050000 (  0.062107)
prob006
  0.000000   0.000000   0.140000 (  0.140238)
prob007
  0.000000   0.000000   0.060000 (  0.068859)
prob008
  0.000000   0.000000   0.110000 (  0.117421)
prob009
  0.000000   0.000000   0.110000 (  0.108864)
prob010
  0.000000   0.000000   0.050000 (  0.056881)
prob011
  0.000000   0.000000   0.050000 (  0.042721)
prob012
  0.000000   0.000000   0.100000 (  0.113533)
prob013
  0.000000   0.000000   0.080000 (  0.088713)
prob014
  0.000000   0.000000   0.100000 (  0.103178)
prob015
  0.000000   0.000000   0.300000 (  0.302872)
prob016
  0.000000   0.000000   0.240000 (  0.241234)
prob017
  0.000000   0.000000   0.370000 (  0.380526)
prob018
  0.000000   0.000000   0.380000 (  0.382066)
prob019
  0.000000   0.000000   0.350000 (  0.362581)
prob020
  0.000000   0.000000   0.320000 (  0.317384)
prob021
  0.000000   0.000000   0.470000 (  0.474670)
prob022
  0.000000   0.000000   0.570000 (  0.575444)
prob023
  0.000000   0.000000   0.350000 (  0.357678)
prob024
  0.000000   0.000000   0.350000 (  0.389561)
prob025
  0.000000   0.000000   0.340000 (  0.346509)
prob026
  0.000000   0.000000   0.880000 (  0.947417)
prob027
  0.000000   0.000000   0.630000 (  0.627309)
prob028
  0.000000   0.000000   0.610000 (  0.628128)
prob029
  0.000000   0.000000   0.340000 (  0.339784)
prob030
  0.000000   0.000000   0.690000 (  0.742346)
prob031
  0.000000   0.000000   0.080000 (  0.092664)
prob032
  0.000000   0.000000   0.700000 (  0.710463)
prob033
  0.000000   0.000000   0.590000 (  0.615106)
prob034
  0.000000   0.000000   0.770000 (  0.776491)
prob035
  0.000000   0.010000   2.170000 (  2.190417)
prob036
  0.000000   0.000000   0.800000 (  0.816764)
prob037
  0.010000   0.000000   0.620000 (  0.647173)
prob038
  0.000000   0.000000   0.890000 (  0.889971)
prob039
  0.000000   0.000000   0.050000 (  0.059129)
prob040
  0.000000   0.000000   0.290000 (  0.287292)
prob041
  0.000000   0.000000   1.440000 (  1.466506)
prob042
  0.000000   0.000000   0.870000 (  0.956805)
prob043
  0.000000   0.000000   0.760000 (  0.811287)
prob044
  0.000000   0.000000   3.920000 (  3.993092)
prob045
  0.000000   0.000000   1.320000 (  1.331710)
prob046
  0.000000   0.000000   2.400000 (  2.419074)
prob047
  0.000000   0.000000   3.820000 (  3.866952)
prob048
  0.000000   0.000000   4.880000 (  4.913708)
prob049
  0.000000   0.000000   0.690000 (  0.712834)
prob050
  0.000000   0.000000   2.340000 (  2.349984)
prob051
  0.000000   0.000000   4.880000 (  4.932971)
prob052
  0.000000   0.000000   4.750000 (  4.842676)
prob053
  0.000000   0.010000   2.270000 (  2.375462)
prob054
  0.000000   0.000000   2.830000 (  2.925057)
prob055
  0.000000   0.000000   7.840000 (  7.929294)
prob056
  0.000000   0.000000   2.290000 (  2.324955)
prob057
  0.000000   0.000000   3.280000 (  3.375137)
prob058
  0.000000   0.000000   2.680000 (  2.827662)
prob059
  0.000000   0.000000   3.440000 (  3.513592)
prob060
  0.000000   0.000000   3.300000 (  3.313726)
prob061
  0.000000   0.000000   4.950000 (  4.974020)
prob062
  0.000000   0.000000   7.700000 (  7.728765)
prob063
  0.000000   0.000000   2.080000 (  2.080432)
prob064
  0.000000   0.000000  11.740000 ( 11.767510)
prob065
  0.000000   0.000000   5.780000 (  5.799923)
prob066
  0.000000   0.000000   8.220000 (  8.235581)
prob067
  0.000000   0.000000   1.440000 (  1.455244)
prob068
  0.000000   0.000000   7.520000 (  7.533700)
prob069
  0.000000   0.000000  12.750000 ( 12.777129)
prob070
  0.000000   0.000000   4.470000 (  4.486805)
prob071
  0.000000   0.000000   5.380000 (  5.395130)
prob072
  0.000000   0.010000   9.500000 (  9.526450)
prob073
  0.000000   0.000000   6.800000 (  6.810681)
prob074
  0.000000   0.000000  23.910000 ( 24.022827)
prob075
  0.000000   0.000000   1.800000 (  1.796547)
prob076
2割くらい遅いのでやめた
