prob000
  0.000000   0.010000   0.020000 (  0.022426)
prob001
  0.000000   0.000000   0.040000 (  0.036634)
prob002
  0.000000   0.000000   0.020000 (  0.032458)
prob003
  0.000000   0.000000   0.090000 (  0.089318)
prob004
  0.000000   0.000000   0.030000 (  0.041309)
prob005
  0.000000   0.000000   0.050000 (  0.062366)
prob006
  0.000000   0.000000   0.150000 (  0.144199)
prob007
  0.000000   0.000000   0.070000 (  0.080214)
prob008
  0.000000   0.000000   0.120000 (  0.115062)
prob009
  0.000000   0.000000   0.100000 (  0.109985)
prob010
  0.000000   0.000000   0.060000 (  0.064313)
prob011
  0.000000   0.000000   0.040000 (  0.044470)
prob012
  0.000000   0.000000   0.110000 (  0.121374)
prob013
  0.000000   0.000000   0.100000 (  0.097345)
prob014
  0.000000   0.000000   0.090000 (  0.104473)
prob015
  0.000000   0.000000   0.330000 (  0.333121)
prob016
  0.000000   0.000000   0.240000 (  0.250639)
prob017
  0.000000   0.010000   0.410000 (  0.404919)
prob018
  0.000000   0.000000   0.410000 (  0.417879)
prob019
  0.000000   0.000000   0.400000 (  0.409095)
prob020
  0.000000   0.000000   0.360000 (  0.359479)
prob021
  0.000000   0.000000   0.500000 (  0.538801)
prob022
  0.000000   0.000000   0.720000 (  0.808879)
prob023
  0.000000   0.000000   0.440000 (  0.488369)
prob024
  0.000000   0.000000   0.420000 (  0.438060)
prob025
  0.000000   0.000000   0.330000 (  0.344647)
prob026
  0.000000   0.000000   0.870000 (  0.878920)
prob027
  0.000000   0.000000   0.620000 (  0.632523)
prob028
  0.000000   0.000000   0.650000 (  0.663281)
prob029
  0.000000   0.000000   0.340000 (  0.340813)
prob030
  0.000000   0.000000   0.690000 (  0.705482)
prob031
  0.000000   0.000000   0.100000 (  0.093191)
prob032
  0.000000   0.000000   0.680000 (  0.696641)
prob033
  0.010000   0.000000   0.620000 (  0.610563)
prob034
  0.000000   0.000000   0.720000 (  0.732993)
prob035
  0.000000   0.010000   2.240000 (  2.227909)
prob036
  0.000000   0.000000   0.780000 (  0.785467)
prob037
  0.000000   0.000000   0.590000 (  0.596001)
prob038
  0.000000   0.000000   0.930000 (  0.931893)
prob039
  0.000000   0.000000   0.060000 (  0.068736)
prob040
  0.000000   0.000000   0.290000 (  0.293732)
prob041
  0.000000   0.000000   1.530000 (  1.536878)
prob042
  0.000000   0.000000   0.840000 (  0.846306)
prob043
  0.000000   0.000000   0.720000 (  0.732086)
prob044
  0.000000   0.000000   4.080000 (  4.079194)
prob045
  0.000000   0.000000   1.280000 (  1.295687)
prob046
  0.000000   0.000000   2.460000 (  2.463786)
prob047
  0.000000   0.000000   3.870000 (  3.883823)
prob048
  0.000000   0.000000   5.000000 (  5.011147)
prob049
  0.000000   0.000000   0.690000 (  0.696723)
prob050
  0.000000   0.000000   2.370000 (  2.394225)
prob051
  0.000000   0.000000   5.060000 (  5.068414)
prob052
  0.000000   0.000000   4.710000 (  4.735700)
prob053
  0.000000   0.010000   2.200000 (  2.185013)
prob054
  0.000000   0.000000   2.740000 (  2.748905)
prob055
  0.000000   0.000000   7.820000 (  7.828146)
prob056
  0.000000   0.000000   2.240000 (  2.253173)
prob057
  0.000000   0.000000   3.090000 (  3.088026)
prob058
  0.000000   0.000000   2.550000 (  2.562738)
prob059
  0.000000   0.000000   3.550000 (  3.633804)
prob060
  0.000000   0.000000   3.390000 (  3.417293)
prob061
  0.000000   0.000000   5.320000 (  5.341010)
prob062
  0.000000   0.000000   8.380000 (  8.413784)
prob063
  0.000000   0.000000   2.080000 (  2.084580)
prob064
  0.000000   0.000000  12.610000 ( 12.642932)
prob065
  0.000000   0.000000   5.930000 (  5.949692)
prob066
  0.000000   0.000000   8.670000 (  8.694728)
prob067
  0.000000   0.000000   1.570000 (  1.575333)
prob068
  0.000000   0.000000   7.510000 (  7.521117)
prob069
  0.000000   0.000000  13.420000 ( 13.602920)
prob070
  0.000000   0.000000   4.810000 (  4.850529)
prob071
  0.000000   0.010000   5.650000 (  5.711903)
prob072
  0.000000   0.000000  10.810000 ( 11.469977)
prob073
  0.000000   0.000000   8.290000 (  8.862028)
prob074
  0.000000   0.000000  26.110000 ( 26.811740)
prob075
  0.000000   0.000000   1.910000 (  1.922351)
prob076
  0.000000   0.000000  12.990000 ( 13.321688)
prob077
  0.010000   0.000000   2.740000 (  2.760247)
prob078
  0.000000   0.000000  18.940000 ( 18.962374)
prob079
  0.000000   0.000000  16.850000 ( 16.905332)
prob080
  0.000000   0.000000  13.860000 ( 13.880179)
prob081
  0.000000   0.000000   9.550000 (  9.566376)
prob082
  0.000000   0.000000  13.510000 ( 13.569621)
prob083
  0.000000   0.000000  30.750000 ( 30.862517)
prob084
  0.000000   0.000000  11.020000 ( 11.038527)
prob085
  0.000000   0.000000  21.010000 ( 21.070272)
prob086
  0.000000   0.000000  51.390000 ( 51.429805)
prob087
  0.000000   0.000000  37.470000 ( 37.505400)
prob088
  0.000000   0.010000  54.340000 ( 54.577165)
prob089
  0.000000   0.000000  24.010000 ( 24.035423)
prob090
  0.000000   0.000000  57.840000 ( 57.911195)
prob091
  0.000000   0.000000  61.580000 ( 61.619179)
prob092
  0.000000   0.000000  20.500000 ( 20.529997)
prob093
  0.000000   0.000000  80.230000 ( 80.276496)
prob094
  0.000000   0.000000  23.670000 ( 23.889299)
prob095
  0.000000   0.000000  30.260000 ( 30.301821)
prob096
  0.000000   0.000000 140.490000 (140.737193)
prob097
  0.000000   0.000000  67.520000 ( 67.628285)
prob098
  0.000000   0.000000 234.040000 (235.268293)
prob099
  0.000000   0.000000 328.460000 (329.101317)
100_idas_resultと比べて1~2割り増しくらい
