prob000
  0.000000   0.000000   0.010000 (  0.021166)
prob001
  0.000000   0.000000   0.030000 (  0.027062)
prob002
  0.000000   0.000000   0.010000 (  0.021192)
prob003
  0.000000   0.000000   0.060000 (  0.061513)
prob004
  0.000000   0.000000   0.030000 (  0.028884)
prob005
  0.000000   0.000000   0.050000 (  0.047047)
prob006
  0.000000   0.000000   0.110000 (  0.119297)
prob007
  0.000000   0.000000   0.070000 (  0.065971)
prob008
  0.000000   0.000000   0.090000 (  0.097234)
prob009
  0.000000   0.000000   0.080000 (  0.087481)
prob010
  0.000000   0.000000   0.050000 (  0.044008)
prob011
  0.000000   0.000000   0.040000 (  0.041679)
prob012
  0.000000   0.000000   0.090000 (  0.095186)
prob013
  0.000000   0.000000   0.070000 (  0.072265)
prob014
  0.000000   0.000000   0.070000 (  0.075990)
prob015
  0.000000   0.010000   0.290000 (  0.274167)
prob016
  0.000000   0.000000   0.190000 (  0.196454)
prob017
  0.000000   0.000000   0.330000 (  0.328337)
prob018
  0.000000   0.000000   0.350000 (  0.345422)
prob019
  0.000000   0.000000   0.320000 (  0.325462)
prob020
  0.000000   0.000000   0.270000 (  0.276466)
prob021
  0.000000   0.000000   0.400000 (  0.407468)
prob022
  0.000000   0.000000   0.500000 (  0.497459)
prob023
  0.000000   0.000000   0.300000 (  0.299297)
prob024
  0.000000   0.000000   0.290000 (  0.287364)
prob025
  0.000000   0.000000   0.270000 (  0.282748)
prob026
  0.000000   0.000000   0.720000 (  0.718064)
prob027
  0.000000   0.000000   0.520000 (  0.528808)
prob028
  0.000000   0.000000   0.570000 (  0.564560)
prob029
  0.000000   0.000000   0.270000 (  0.275857)
prob030
  0.000000   0.000000   0.560000 (  0.564933)
prob031
  0.000000   0.000000   0.070000 (  0.073779)
prob032
  0.000000   0.000000   0.570000 (  0.570010)
prob033
  0.000000   0.010000   0.510000 (  0.503744)
prob034
  0.010000   0.000000   0.630000 (  0.617632)
prob035
  0.000000   0.000000   1.890000 (  1.896104)
prob036
  0.000000   0.000000   0.680000 (  0.689931)
prob037
  0.000000   0.000000   0.490000 (  0.495394)
prob038
  0.000000   0.000000   0.780000 (  0.798249)
prob039
  0.000000   0.000000   0.050000 (  0.056973)
prob040
  0.000000   0.000000   0.240000 (  0.238156)
prob041
  0.000000   0.000000   1.290000 (  1.290698)
prob042
  0.000000   0.000000   0.680000 (  0.689554)
prob043
  0.000000   0.000000   0.620000 (  0.631424)
prob044
  0.000000   0.000000   3.510000 (  3.509280)
prob045
  0.000000   0.000000   1.110000 (  1.120420)
prob046
  0.000000   0.000000   2.070000 (  2.071269)
prob047
  0.000000   0.000000   3.230000 (  3.239453)
prob048
  0.000000   0.000000   4.100000 (  4.106174)
prob049
  0.000000   0.000000   0.600000 (  0.605181)
prob050
  0.000000   0.000000   1.940000 (  1.955982)
prob051
  0.000000   0.010000   4.230000 (  4.216631)
prob052
  0.000000   0.000000   4.030000 (  4.044303)
prob053
  0.000000   0.000000   1.830000 (  1.830436)
prob054
  0.000000   0.000000   2.350000 (  2.364807)
prob055
  0.000000   0.000000   6.700000 (  6.723619)
prob056
  0.000000   0.000000   1.920000 (  1.915903)
prob057
  0.000000   0.000000   2.650000 (  2.666267)
prob058
  0.000000   0.000000   2.130000 (  2.132905)
prob059
  0.000000   0.000000   2.790000 (  2.798974)
prob060
  0.000000   0.000000   2.830000 (  2.838062)
prob061
  0.000000   0.000000   4.420000 (  4.450548)
prob062
  0.000000   0.000000   7.220000 (  7.337683)
prob063
  0.000000   0.000000   1.900000 (  1.904678)
prob064
  0.000000   0.000000  10.600000 ( 10.650047)
prob065
  0.000000   0.000000   4.840000 (  4.857985)
prob066
  0.000000   0.000000   7.200000 (  7.219693)
prob067
  0.000000   0.000000   1.270000 (  1.273555)
prob068
  0.000000   0.000000   6.510000 (  6.535755)
prob069
  0.000000   0.000000  11.050000 ( 11.058054)
prob070
  0.000000   0.010000   3.840000 (  3.837746)
prob071
  0.000000   0.000000   4.640000 (  4.643890)
prob072
  0.000000   0.000000   8.280000 (  8.293467)
prob073
  0.000000   0.000000   6.060000 (  6.082787)
prob074
  0.000000   0.000000  20.870000 ( 20.912134)
prob075
  0.010000   0.000000   1.620000 (  1.612646)
prob076
  0.000000   0.000000  10.140000 ( 10.163745)
prob077
  0.000000   0.000000   2.180000 (  2.190912)
prob078
  0.000000   0.000000  15.780000 ( 15.790843)
prob079
  0.000000   0.000000  13.960000 ( 13.974339)
prob080
  0.000000   0.000000  11.830000 ( 11.849722)
prob081
  0.000000   0.000000   7.950000 (  7.969638)
prob082
  0.000000   0.000000  10.880000 ( 10.898618)
prob083
  0.000000   0.000000  25.510000 ( 25.527409)
prob084
  0.000000   0.000000   9.100000 (  9.113420)
prob085
  0.000000   0.000000  17.390000 ( 17.411130)
prob086
  0.000000   0.000000  42.930000 ( 42.974486)
prob087
  0.000000   0.000000  31.970000 ( 31.999775)
prob088
  0.000000   0.000000  45.330000 ( 45.414186)
prob089
  0.000000   0.000000  21.420000 ( 21.844582)
prob090
  0.000000   0.000000  50.140000 ( 50.379213)
prob091
  0.000000   0.000000  52.420000 ( 52.473111)
prob092
  0.000000   0.000000  17.490000 ( 17.534293)
prob093
  0.000000   0.000000  68.620000 ( 68.678088)
prob094
  0.000000   0.000000  19.620000 ( 19.659331)
prob095
  0.000000   0.000000  26.050000 ( 26.331494)
prob096
  0.000000   0.000000 117.680000 (117.786111)
prob097
  0.000000   0.000000  56.930000 ( 56.982214)
prob098
  0.000000   0.000000 194.880000 (195.089597)
prob099
  0.000000   0.000000 284.640000 (287.246660)

1324s
