prob000
  0.000000   0.000000   0.010000 (  0.022760)
prob001
  0.000000   0.000000   0.020000 (  0.020191)
prob002
  0.000000   0.000000   0.010000 (  0.017507)
prob003
  0.000000   0.000000   0.040000 (  0.044986)
prob004
  0.000000   0.000000   0.030000 (  0.021793)
prob005
  0.000000   0.000000   0.030000 (  0.034768)
prob006
  0.000000   0.000000   0.080000 (  0.080506)
prob007
  0.000000   0.000000   0.030000 (  0.043443)
prob008
  0.000000   0.000000   0.070000 (  0.065882)
prob009
  0.000000   0.000000   0.050000 (  0.062524)
prob010
  0.000000   0.000000   0.050000 (  0.035405)
prob011
  0.000000   0.000000   0.020000 (  0.026963)
prob012
  0.000000   0.000000   0.060000 (  0.063546)
prob013
  0.000000   0.000000   0.050000 (  0.053428)
prob014
  0.000000   0.000000   0.050000 (  0.062197)
prob015
  0.000000   0.010000   0.220000 (  0.204529)
prob016
  0.000000   0.000000   0.130000 (  0.134588)
prob017
  0.000000   0.000000   0.240000 (  0.242597)
prob018
  0.000000   0.000000   0.230000 (  0.236938)
prob019
  0.000000   0.000000   0.220000 (  0.223056)
prob020
  0.000000   0.000000   0.210000 (  0.204586)
prob021
  0.000000   0.000000   0.270000 (  0.278727)
prob022
  0.000000   0.000000   0.340000 (  0.349734)
prob023
  0.000000   0.000000   0.210000 (  0.217644)
prob024
  0.000000   0.000000   0.220000 (  0.214859)
prob025
  0.000000   0.000000   0.200000 (  0.199598)
prob026
  0.000000   0.000000   0.510000 (  0.521726)
prob027
  0.000000   0.000000   0.380000 (  0.381406)
prob028
  0.000000   0.000000   0.400000 (  0.405000)
prob029
  0.000000   0.000000   0.200000 (  0.200975)
prob030
  0.000000   0.000000   0.400000 (  0.405395)
prob031
  0.000000   0.000000   0.060000 (  0.063793)
prob032
  0.000000   0.000000   0.410000 (  0.415823)
prob033
  0.010000   0.000000   0.360000 (  0.352100)
prob034
  0.000000   0.000000   0.440000 (  0.440248)
prob035
  0.000000   0.000000   1.350000 (  1.361789)
prob036
  0.000000   0.000000   0.490000 (  0.489984)
prob037
  0.000000   0.000000   0.350000 (  0.355203)
prob038
  0.000000   0.000000   0.540000 (  0.551481)
prob039
  0.000000   0.000000   0.040000 (  0.045008)
prob040
  0.000000   0.000000   0.200000 (  0.185802)
prob041
  0.000000   0.000000   0.920000 (  0.931094)
prob042
  0.000000   0.000000   0.480000 (  0.489578)
prob043
  0.000000   0.000000   0.440000 (  0.446912)
prob044
  0.000000   0.000000   2.480000 (  2.489477)
prob045
  0.000000   0.000000   0.800000 (  0.801883)
prob046
  0.000000   0.000000   1.510000 (  1.516583)
prob047
  0.000000   0.000000   2.250000 (  2.259608)
prob048
  0.000000   0.000000   2.920000 (  2.925428)
prob049
  0.000000   0.000000   0.410000 (  0.411706)
prob050
  0.000000   0.000000   1.390000 (  1.386035)
prob051
  0.000000   0.000000   3.000000 (  3.010986)
prob052
  0.000000   0.000000   2.890000 (  2.894229)
prob053
  0.000000   0.010000   1.310000 (  1.313651)
prob054
  0.000000   0.000000   1.650000 (  1.653311)
prob055
  0.000000   0.000000   4.790000 (  4.796251)
prob056
  0.000000   0.000000   1.340000 (  1.349350)
prob057
  0.000000   0.000000   1.940000 (  1.934028)
prob058
  0.000000   0.000000   1.500000 (  1.511547)
prob059
  0.000000   0.000000   1.960000 (  1.968196)
prob060
  0.000000   0.000000   2.030000 (  2.033500)
prob061
  0.000000   0.000000   3.050000 (  3.059511)
prob062
  0.000000   0.000000   4.880000 (  4.888283)
prob063
  0.000000   0.000000   1.210000 (  1.215680)
prob064
  0.000000   0.000000   7.360000 (  7.386942)
prob065
  0.000000   0.000000   3.460000 (  3.454530)
prob066
  0.000000   0.000000   5.040000 (  5.050944)
prob067
  0.000000   0.000000   0.920000 (  0.919067)
prob068
  0.000000   0.000000   4.600000 (  4.617666)
prob069
  0.000000   0.000000   7.880000 (  7.889819)
prob070
  0.000000   0.000000   2.760000 (  2.760791)
prob071
  0.000000   0.010000   3.240000 (  3.243700)
prob072
  0.000000   0.000000   5.940000 (  5.951251)
prob073
  0.000000   0.000000   4.380000 (  4.375865)
prob074
  0.000000   0.000000  14.670000 ( 14.688561)
prob075
  0.010000   0.000000   1.140000 (  1.143713)
prob076
  0.000000   0.000000   7.240000 (  7.242988)
prob077
  0.000000   0.000000   1.550000 (  1.556619)
prob078
  0.000000   0.000000  11.080000 ( 11.098474)
prob079
  0.000000   0.000000   9.960000 (  9.966718)
prob080
  0.000000   0.000000   8.290000 (  8.293433)
prob081
  0.000000   0.000000   5.600000 (  5.611318)
prob082
  0.000000   0.000000   7.710000 (  7.720338)
prob083
  0.000000   0.000000  18.500000 ( 18.569264)
prob084
  0.000000   0.000000   6.450000 (  6.460911)
prob085
  0.000000   0.000000  12.270000 ( 12.282170)
prob086
  0.000000   0.000000  29.950000 ( 29.995347)
prob087
  0.000000   0.010000  22.520000 ( 22.530389)
prob088
  0.000000   0.000000  32.210000 ( 32.254977)
prob089
  0.000000   0.000000  14.140000 ( 14.154612)
prob090
  0.000000   0.000000  34.860000 ( 34.891017)
prob091
  0.000000   0.000000  37.170000 ( 37.204756)
prob092
  0.000000   0.000000  12.130000 ( 12.144910)
prob093
  0.000000   0.000000  50.540000 ( 50.958164)
prob094
  0.000000   0.000000  14.240000 ( 14.351074)
prob095
  0.000000   0.000000  18.050000 ( 18.105211)
prob096
  0.000000   0.000000  88.130000 ( 89.222959)
prob097
  0.000000   0.000000  42.870000 ( 43.356682)
prob098
  0.000000   0.000000 145.600000 (146.984546)
prob099
  0.000000   0.000000 196.510000 (196.683491)
947s
