prob000
  0.000000   0.000000   0.010000 (  0.020853)
prob001
  0.000000   0.000000   0.030000 (  0.029842)
prob002
  0.000000   0.000000   0.020000 (  0.023823)
prob003
  0.000000   0.000000   0.060000 (  0.069130)
prob004
  0.000000   0.000000   0.030000 (  0.033740)
prob005
  0.000000   0.000000   0.060000 (  0.055140)
prob006
  0.000000   0.000000   0.130000 (  0.133000)
prob007
  0.000000   0.000000   0.060000 (  0.069060)
prob008
  0.000000   0.000000   0.100000 (  0.100602)
prob009
  0.000000   0.000000   0.100000 (  0.101212)
prob010
  0.000000   0.000000   0.060000 (  0.055984)
prob011
  0.000000   0.000000   0.030000 (  0.039837)
prob012
  0.000000   0.000000   0.100000 (  0.097373)
prob013
  0.000000   0.010000   0.080000 (  0.083896)
prob014
  0.000000   0.000000   0.090000 (  0.092318)
prob015
  0.000000   0.000000   0.310000 (  0.319171)
prob016
  0.000000   0.000000   0.220000 (  0.216253)
prob017
  0.000000   0.000000   0.370000 (  0.374349)
prob018
  0.000000   0.000000   0.380000 (  0.389404)
prob019
  0.000000   0.000000   0.370000 (  0.370924)
prob020
  0.000000   0.000000   0.330000 (  0.324528)
prob021
  0.000000   0.000000   0.440000 (  0.447328)
prob022
  0.000000   0.000000   0.570000 (  0.578308)
prob023
  0.000000   0.000000   0.330000 (  0.333013)
prob024
  0.000000   0.000000   0.330000 (  0.330125)
prob025
  0.000000   0.000000   0.320000 (  0.322390)
prob026
  0.000000   0.000000   0.830000 (  0.840436)
prob027
  0.000000   0.000000   0.580000 (  0.587386)
prob028
  0.000000   0.000000   0.640000 (  0.641067)
prob029
  0.000000   0.000000   0.330000 (  0.338650)
prob030
  0.000000   0.000000   0.690000 (  0.690659)
prob031
  0.000000   0.010000   0.110000 (  0.095101)
prob032
  0.000000   0.000000   0.710000 (  0.722569)
prob033
  0.000000   0.000000   0.550000 (  0.552027)
prob034
  0.000000   0.000000   0.700000 (  0.714024)
prob035
  0.000000   0.000000   2.150000 (  2.156221)
prob036
  0.000000   0.000000   0.750000 (  0.755094)
prob037
  0.000000   0.000000   0.600000 (  0.594869)
prob038
  0.000000   0.000000   0.870000 (  0.873426)
prob039
  0.000000   0.000000   0.050000 (  0.064171)
prob040
  0.000000   0.000000   0.270000 (  0.271647)
prob041
  0.000000   0.000000   1.520000 (  1.520755)
prob042
  0.000000   0.000000   0.830000 (  0.837331)
prob043
  0.000000   0.000000   0.720000 (  0.718238)
prob044
  0.000000   0.000000   3.880000 (  3.903557)
prob045
  0.000000   0.000000   1.300000 (  1.298696)
prob046
  0.000000   0.000000   2.340000 (  2.344097)
prob047
  0.000000   0.000000   3.720000 (  3.726734)
prob048
  0.000000   0.000000   4.770000 (  4.786172)
prob049
  0.000000   0.010000   0.700000 (  0.685390)
prob050
  0.000000   0.000000   2.240000 (  2.254737)
prob051
  0.000000   0.000000   4.820000 (  4.817363)
prob052
  0.000000   0.000000   4.630000 (  4.646207)
prob053
  0.000000   0.000000   2.090000 (  2.099830)
prob054
  0.000000   0.000000   2.700000 (  2.707148)
prob055
  0.000000   0.000000   7.720000 (  7.742895)
prob056
  0.000000   0.000000   2.200000 (  2.193449)
prob057
  0.000000   0.000000   3.060000 (  3.081315)
prob058
  0.000000   0.000000   2.440000 (  2.438530)
prob059
  0.000000   0.000000   3.250000 (  3.254940)
prob060
  0.000000   0.000000   3.270000 (  3.279286)
prob061
  0.000000   0.000000   4.890000 (  4.902640)
prob062
  0.000000   0.000000   7.810000 (  7.812728)
prob063
  0.000000   0.000000   1.990000 (  1.998004)
prob064
  0.000000   0.000000  11.750000 ( 11.782491)
prob065
  0.000000   0.000000   5.500000 (  5.509169)
prob066
  0.000000   0.000000   8.140000 (  8.162149)
prob067
  0.000000   0.010000   1.450000 (  1.429560)
prob068
  0.000000   0.000000   7.340000 (  7.375886)
prob069
  0.000000   0.000000  12.530000 ( 12.555024)
prob070
  0.000000   0.000000   4.470000 (  4.476282)
prob071
  0.000000   0.000000   5.290000 (  5.294489)
prob072
  0.000000   0.000000   9.460000 (  9.477528)
prob073
  0.000000   0.000000   6.940000 (  6.956446)
prob074
  0.000000   0.000000  23.710000 ( 23.744200)
prob075
  0.000000   0.000000   1.830000 (  1.831951)
prob076
  0.000000   0.000000  11.460000 ( 11.483202)
prob077
  0.000000   0.000000   2.650000 (  2.658860)
prob078
  0.000000   0.000000  18.380000 ( 18.413070)
prob079
  0.000000   0.000000  16.360000 ( 16.374061)
prob080
  0.000000   0.000000  13.620000 ( 13.635281)
prob081
  0.000000   0.000000   9.090000 (  9.111334)
prob082
  0.000000   0.000000  12.710000 ( 12.757522)
prob083
  0.000000   0.010000  31.700000 ( 32.709954)
prob084
  0.000000   0.000000  10.700000 ( 10.751215)
prob085
  0.000000   0.000000  20.280000 ( 20.329256)
prob086
  0.000000   0.000000  49.040000 ( 49.120244)
prob087
  0.000000   0.000000  36.300000 ( 36.359478)
prob088
  0.000000   0.000000  51.650000 ( 51.710064)
prob089
  0.000000   0.000000  22.980000 ( 23.005168)
prob090
  0.000000   0.000000  55.150000 ( 55.214307)
prob091
  0.000000   0.000000  59.310000 ( 59.395225)
prob092
  0.000000   0.000000  20.150000 ( 20.198432)
prob093
  0.000000   0.000000  78.110000 ( 78.203102)
prob094
  0.000000   0.000000  23.010000 ( 23.202847)
prob095
  0.000000   0.000000  29.630000 ( 29.716314)
prob096
  0.000000   0.000000 136.250000 (136.594519)
prob097
  0.000000   0.000000  66.380000 ( 66.630568)
prob098
  0.000000   0.000000 225.150000 (225.414590)
prob099
  0.000000   0.000000 327.660000 (329.638051)
1819s
