nohup: ignoring input
prob000
time(init) = 0.023954
time(kernel) = 1.215228
len=45: 2 2 2 0 1 1 3 2 0 2 3 1 3 2 0 0 0 1 1 3 1 3 2 2 0 2 3 1 0 0 1 1 3 3 2 2 3 1 0 2 0 1 0 2 2 
  0.000000   0.000000   1.240000 (  1.248071)
prob001
time(init) = 0.018085
time(kernel) = 1.850402
len=42: 1 1 0 1 3 3 2 0 0 2 3 2 0 1 3 3 1 0 0 2 3 2 3 1 1 0 1 0 2 0 2 3 2 0 1 1 1 3 2 2 0 2 
  0.000000   0.000000   1.880000 (  1.876382)
prob002
time(init) = 0.017899
time(kernel) = 1.209765
len=42: 1 1 3 3 3 2 0 2 3 1 0 0 2 3 1 0 1 3 2 2 0 1 1 1 3 2 3 2 0 0 0 1 3 1 0 2 3 3 2 0 0 2 
  0.000000   0.000000   1.230000 (  1.235025)
prob003
time(init) = 0.017671
time(kernel) = 4.751792
len=49: 1 0 2 3 1 1 0 1 3 2 0 1 0 2 2 3 3 1 0 1 0 2 2 0 1 3 2 2 0 1 1 1 3 2 2 3 2 0 1 3 1 1 0 2 0 2 3 2 0 
  0.000000   0.000000   4.770000 (  4.777090)
prob004
time(init) = 0.017770
time(kernel) = 2.033500
len=41: 3 2 3 1 0 2 2 0 0 1 1 3 2 0 1 3 3 3 2 0 0 2 0 1 1 3 3 3 2 0 0 1 3 1 3 2 2 0 2 0 0 
  0.000000   0.000000   2.060000 (  2.058577)
prob005
time(init) = 0.017751
time(kernel) = 2.319416
len=46: 0 1 3 2 2 3 1 0 0 2 3 3 3 1 0 1 3 1 0 0 2 3 3 1 0 2 3 2 0 0 0 1 3 2 0 2 3 3 1 1 1 0 2 2 2 0 
  0.000000   0.000000   2.340000 (  2.344936)
prob006
time(init) = 0.017779
time(kernel) = 8.816357
len=50: 2 0 1 3 3 2 0 0 1 3 1 1 0 2 2 3 1 3 1 0 0 2 3 3 1 3 2 0 2 3 2 0 0 1 3 1 1 0 2 2 3 3 1 1 0 0 2 2 0 2 
  0.000000   0.000000   8.850000 (  8.841882)
prob007
time(init) = 0.017777
time(kernel) = 3.352153
len=45: 1 1 3 2 3 2 0 2 3 3 1 0 0 0 2 3 1 1 1 3 2 2 2 0 1 1 0 1 3 3 2 2 0 0 2 3 3 3 1 1 0 0 2 2 0 
  0.000000   0.000000   3.370000 (  3.377218)
prob008
time(init) = 0.017722
time(kernel) = 7.044919
len=44: 2 0 1 3 1 0 0 0 2 3 3 1 0 2 2 3 1 1 1 0 0 2 3 1 3 3 2 2 0 1 3 1 0 2 0 1 0 2 2 3 3 2 0 0 
  0.000000   0.000000   7.070000 (  7.070413)
prob009
time(init) = 0.017791
time(kernel) = 6.409853
len=49: 2 0 0 1 3 3 2 2 2 0 1 3 1 0 2 3 2 0 1 0 1 1 3 2 3 2 0 0 2 3 1 0 1 1 3 3 2 3 1 0 2 2 3 1 0 0 2 2 0 
  0.000000   0.000000   6.430000 (  6.435490)
prob010
time(init) = 0.017880
time(kernel) = 2.090613
len=44: 0 0 0 1 1 3 3 3 2 0 2 3 1 0 2 0 1 3 2 2 0 1 1 1 3 3 2 0 0 0 2 2 3 1 0 1 1 3 2 3 2 0 0 2 
  0.000000   0.000000   2.120000 (  2.116300)
prob011
time(init) = 0.017743
time(kernel) = 2.878928
len=53: 3 3 1 0 0 1 3 1 0 0 2 2 3 2 3 3 1 1 0 1 3 2 0 1 0 0 2 3 3 2 3 1 0 1 0 0 2 3 2 2 3 1 1 0 2 0 2 3 3 1 0 0 2 
  0.000000   0.000000   2.900000 (  2.904503)
prob012
time(init) = 0.017916
time(kernel) = 5.916026
len=47: 2 0 2 3 1 0 2 0 1 3 2 3 1 0 1 0 2 2 3 2 3 3 1 1 0 2 2 0 0 1 3 1 1 3 3 2 0 2 2 0 1 3 3 2 0 0 0 
  0.000000   0.000000   5.950000 (  5.941786)
prob013
time(init) = 0.017827
time(kernel) = 3.926484
len=46: 0 2 0 2 3 3 2 0 1 0 0 2 3 3 1 0 1 0 2 2 3 1 1 1 0 2 3 1 3 3 2 2 0 1 0 1 3 2 3 2 2 0 1 0 0 2 
  0.000000   0.000000   3.950000 (  3.952081)
prob014
time(init) = 0.017855
time(kernel) = 4.159096
len=46: 0 0 2 3 2 3 1 0 1 3 3 2 0 0 0 2 3 3 3 1 0 0 0 2 3 3 1 0 1 0 2 3 1 1 0 2 3 1 3 2 3 2 0 0 2 0 
  0.000000   0.000000   4.180000 (  4.184764)
prob015
time(init) = 0.017767
time(kernel) = 20.303104
len=50: 3 2 0 2 3 3 1 0 0 1 0 2 2 3 3 3 1 0 2 2 3 1 1 1 0 0 2 3 1 0 2 0 1 3 2 2 2 3 1 1 1 0 2 0 2 2 3 1 0 2 
  0.000000   0.000000  20.320000 ( 20.328683)
prob016
time(init) = 0.017817
time(kernel) = 11.834263
len=45: 0 1 0 0 2 3 2 2 3 1 3 1 0 0 2 0 1 1 3 2 0 2 2 3 3 1 0 2 3 3 1 0 1 1 0 2 2 0 1 1 3 2 2 0 2 
  0.000000   0.000000  11.870000 ( 11.859932)
prob017
time(init) = 0.017831
time(kernel) = 23.494408
len=44: 2 3 3 2 0 0 1 3 1 3 2 0 1 1 3 2 0 1 0 2 3 3 2 3 2 0 1 3 1 1 0 0 0 2 2 3 2 3 1 1 0 0 2 2 
  0.000000   0.000000  23.520000 ( 23.520059)
prob018
time(init) = 0.017919
time(kernel) = 25.147902
len=51: 3 1 3 1 0 0 2 3 1 0 2 2 3 3 2 3 1 0 1 3 2 0 1 0 2 3 2 0 0 1 3 3 1 3 1 0 0 2 2 2 3 1 3 1 1 0 0 2 0 2 2 
  0.000000   0.000000  25.180000 ( 25.173638)
prob019
time(init) = 0.017885
time(kernel) = 26.124891
len=53: 2 3 2 0 0 0 2 3 3 3 1 0 2 0 1 1 3 2 0 1 0 2 3 2 3 1 0 1 1 3 2 3 2 0 0 1 1 3 2 0 1 0 2 3 1 3 3 2 2 0 0 2 0 
  0.000000   0.000000  26.140000 ( 26.150697)
prob020
time(init) = 0.017778
time(kernel) = 18.618381
len=50: 0 2 3 2 3 2 3 1 0 0 2 3 1 1 0 1 3 2 0 0 2 3 2 3 1 1 3 2 0 1 0 0 2 3 3 1 3 1 0 0 0 2 3 1 0 2 2 3 2 0 
  0.000000   0.000000  18.650000 ( 18.643987)
prob021
time(init) = 0.017865
time(kernel) = 30.096291
len=46: 2 3 1 1 1 3 2 0 2 3 1 0 0 0 2 2 3 3 1 0 1 1 0 2 2 2 3 3 3 1 1 0 0 1 0 2 3 1 3 3 2 0 2 2 0 0 
  0.000000   0.000000  30.130000 ( 30.122049)
prob022
time(init) = 0.017814
time(kernel) = 42.104671
len=53: 1 3 1 0 0 2 2 3 2 0 1 1 3 1 3 2 0 2 0 0 1 3 2 0 2 3 1 0 1 1 3 2 3 1 0 2 2 3 3 1 1 0 0 2 2 3 2 3 1 0 2 0 0 
  0.000000   0.000000  42.120000 ( 42.131315)
prob023
time(init) = 0.018011
time(kernel) = 20.951216
len=53: 1 1 3 2 3 3 2 0 2 0 0 1 1 3 2 0 1 1 3 2 3 2 2 3 1 1 0 1 3 2 0 2 0 2 0 1 1 3 1 3 2 3 2 0 0 2 3 3 1 0 0 0 2 
  0.000000   0.000000  20.980000 ( 20.977086)
prob024
time(init) = 0.017755
time(kernel) = 17.708668
len=50: 0 0 2 3 1 1 0 1 3 2 3 2 2 0 1 1 0 2 2 3 1 3 1 0 1 3 2 0 0 1 3 2 2 0 1 0 1 3 2 3 2 2 0 0 1 1 3 2 2 0 
  0.000000   0.000000  17.730000 ( 17.734208)
prob025
time(init) = 0.017858
time(kernel) = 16.335468
len=52: 0 2 2 3 2 0 1 3 3 2 0 0 1 3 1 1 3 2 0 0 2 3 3 1 3 2 2 0 1 1 1 3 2 2 2 0 1 1 0 1 0 2 3 1 3 3 2 0 2 0 2 0 
  0.000000   0.000000  16.370000 ( 16.361203)
prob026
time(init) = 0.017869
time(kernel) = 58.663820
len=52: 1 1 0 0 2 2 0 1 1 3 2 3 2 2 0 0 1 1 3 2 3 3 1 1 0 2 3 2 2 0 0 1 3 2 0 1 0 1 1 3 2 3 2 3 1 0 2 0 1 0 2 2 
  0.000000   0.000000  58.690000 ( 58.689456)
prob027
time(init) = 0.017843
time(kernel) = 38.681432
len=42: 2 2 0 0 0 1 1 3 2 2 2 3 1 1 3 1 0 0 2 3 3 1 0 2 3 2 0 0 1 0 1 3 3 2 2 2 0 1 1 0 2 2 
  0.000000   0.000000  38.720000 ( 38.707042)
prob028
time(init) = 0.017819
time(kernel) = 29.987639
len=49: 1 1 3 2 2 2 0 1 3 3 1 0 1 3 2 3 2 2 0 1 1 0 2 2 3 1 3 1 0 1 3 2 0 2 0 1 0 1 3 3 2 0 1 0 2 3 2 2 0 
  0.000000   0.000000  30.020000 ( 30.013257)
prob029
time(init) = 0.017945
time(kernel) = 16.406735
len=55: 1 1 3 3 2 0 0 2 2 3 3 1 1 0 2 2 3 1 3 1 0 0 1 3 2 2 0 1 3 2 3 1 1 0 0 2 0 1 3 3 2 0 0 2 3 3 2 3 1 1 0 0 0 2 2 
  0.000000   0.000000  16.420000 ( 16.432480)
prob030
time(init) = 0.017981
time(kernel) = 34.339992
len=49: 0 1 0 2 3 1 1 1 0 0 2 2 3 1 3 2 0 2 3 1 3 1 0 1 0 0 2 3 2 2 3 1 3 1 1 0 0 2 2 3 1 3 1 0 0 0 2 2 2 
  0.000000   0.000000  34.380000 ( 34.365825)
prob031
time(init) = 0.017778
time(kernel) = 4.868139
len=56: 0 0 1 1 3 3 2 2 3 1 0 2 0 0 1 1 3 3 3 2 2 0 0 1 3 1 1 3 2 2 2 0 1 1 1 0 0 2 2 3 3 1 1 0 2 0 2 3 3 1 3 2 2 0 0 0 
  0.000000   0.000000   4.890000 (  4.893567)
prob032
time(init) = 0.017864
time(kernel) = 35.748436
len=49: 0 1 3 3 1 3 2 0 1 1 0 0 2 3 2 2 3 1 0 1 3 3 1 0 2 2 3 1 1 0 0 2 2 0 2 3 3 1 0 0 2 3 3 3 1 0 0 0 2 
  0.000000   0.000000  35.770000 ( 35.774137)
prob033
time(init) = 0.017826
time(kernel) = 28.452469
len=49: 0 1 0 2 3 2 3 2 0 0 1 3 2 0 0 1 3 1 3 3 2 0 1 3 1 0 2 3 2 2 0 0 1 0 1 1 3 3 2 0 2 0 1 1 3 2 2 2 0 
  0.000000   0.000000  28.490000 ( 28.478051)
prob034
time(init) = 0.017856
time(kernel) = 37.123633
len=57: 2 2 3 1 3 3 1 0 0 0 2 3 3 2 2 0 1 1 1 0 2 2 3 1 3 2 0 1 3 3 2 0 2 3 1 0 2 0 1 3 1 1 0 2 2 3 1 1 0 2 3 3 2 0 2 0 0 
  0.000000   0.000000  37.150000 ( 37.149311)
prob035
time(init) = 0.018271
time(kernel) = 141.503246
len=49: 2 2 3 1 1 0 2 0 0 2 2 3 1 3 2 3 1 1 0 0 0 1 3 2 2 0 1 1 3 2 3 2 2 3 1 0 0 1 3 3 2 0 2 3 1 0 0 2 0 
  0.000000   0.000000 141.540000 (141.529350)
prob036
time(init) = 0.018096
time(kernel) = 39.778877
len=52: 0 0 2 2 2 3 3 1 0 0 0 2 3 3 1 1 3 2 2 0 1 0 1 0 2 2 3 3 1 3 1 1 0 0 2 2 3 1 1 0 2 0 2 3 3 1 3 2 2 0 0 0 
  0.000000   0.000000  39.810000 ( 39.804775)
prob037
time(init) = 0.017798
time(kernel) = 28.739103
len=56: 0 0 0 2 2 3 1 3 1 0 0 2 3 2 2 3 1 1 0 2 2 3 1 3 1 0 1 0 2 2 3 3 2 0 1 3 1 0 1 0 2 0 2 3 3 3 1 0 1 0 0 2 2 3 2 0 
  0.000000   0.000000  28.770000 ( 28.764747)
prob038
time(init) = 0.017867
time(kernel) = 43.014976
len=54: 1 1 1 3 3 2 2 0 0 1 1 3 2 3 2 3 2 0 0 0 1 1 3 3 3 2 2 0 1 1 0 2 2 3 1 1 1 3 2 2 0 0 0 1 3 1 3 3 2 2 0 0 2 0 
  0.000000   0.000000  43.050000 ( 43.040643)
prob039
time(init) = 0.017944
time(kernel) = 2.570683
len=47: 0 0 1 3 1 0 2 3 3 2 0 2 0 1 1 3 2 3 1 0 1 3 2 3 1 0 2 0 2 3 3 1 0 2 2 3 1 0 0 2 3 1 1 0 2 0 2 
  0.010000   0.000000   2.600000 (  2.596611)
prob040
time(init) = 0.017951
time(kernel) = 17.835661
len=51: 2 2 3 1 0 0 2 3 3 1 3 2 0 1 1 0 1 3 2 3 2 0 0 1 3 3 1 0 2 2 2 0 1 1 0 2 3 3 3 1 0 0 2 3 1 0 1 0 2 2 2 
  0.000000   0.000000  17.860000 ( 17.861561)
prob041
time(init) = 0.017960
time(kernel) = 82.796746
len=52: 1 3 2 2 2 3 1 1 1 0 2 2 0 1 1 3 2 3 3 2 2 0 0 0 1 3 3 3 2 0 0 1 3 1 0 2 0 1 3 2 3 3 1 1 0 2 3 2 2 0 0 0 
  0.000000   0.000000  82.840000 ( 82.822587)
prob042
time(init) = 0.017757
time(kernel) = 42.735313
len=52: 0 0 1 1 0 2 3 3 2 2 0 1 0 1 3 2 3 1 3 2 2 0 0 0 1 3 3 1 1 0 2 2 2 3 1 1 1 0 0 2 3 2 3 1 3 2 2 0 1 0 2 0 
  0.000000   0.000000  42.750000 ( 42.760856)
prob043
time(init) = 0.017938
time(kernel) = 43.840996
len=47: 0 1 3 2 0 0 1 3 2 0 1 1 0 2 2 3 1 0 1 1 3 2 2 0 1 1 3 2 3 2 0 1 3 3 2 2 0 1 1 3 1 0 2 0 0 2 2 
  0.000000   0.000000  43.870000 ( 43.866788)
prob044
time(init) = 0.017943
time(kernel) = 257.451736
len=50: 3 2 2 0 1 1 3 1 0 2 2 3 3 2 0 0 1 3 3 3 2 0 0 0 1 3 3 1 0 0 2 3 1 1 3 2 3 1 0 2 2 3 1 1 0 2 2 2 0 0 
  0.000000   0.000000 257.520000 (257.477509)
prob045
time(init) = 0.017908
time(kernel) = 57.470563
len=56: 0 1 1 3 2 2 2 0 1 1 3 1 0 2 3 3 1 0 2 2 2 0 1 1 1 3 2 3 3 1 0 0 2 3 2 3 1 0 2 2 3 1 1 1 0 2 2 0 1 1 3 2 2 2 0 0 
  0.000000   0.000000  57.510000 ( 57.496269)
prob046
time(init) = 0.017800
time(kernel) = 112.050674
len=48: 1 3 2 2 3 1 3 2 0 1 3 1 0 2 3 2 2 0 0 0 1 3 2 3 1 0 1 1 3 2 2 0 1 0 2 3 2 3 3 1 1 0 0 2 3 2 0 0 
  0.000000   0.000000 112.080000 (112.076281)
prob047
time(init) = 0.017827
time(kernel) = 283.857710
len=57: 3 1 0 1 3 3 2 0 2 3 2 0 0 1 3 2 0 1 1 1 3 3 3 2 0 2 0 0 1 3 1 3 3 2 0 2 3 2 0 0 1 1 1 0 2 3 1 3 2 3 2 2 0 0 1 0 2 
  0.000000   0.000000 283.920000 (283.883369)
prob048
time(init) = 0.017867
time(kernel) = 320.657108
len=54: 3 1 0 0 2 0 1 3 2 3 1 0 2 3 2 3 1 0 2 0 2 0 1 3 2 3 3 1 0 0 1 3 2 2 0 1 0 1 3 1 3 2 2 0 0 1 3 3 2 2 0 1 0 2 
  0.000000   0.000000 320.730000 (320.682846)
prob049
time(init) = 0.018026
time(kernel) = 35.828635
len=55: 0 0 0 1 3 1 3 2 0 0 1 3 3 1 0 0 2 3 3 1 3 2 2 0 0 2 3 3 1 0 0 2 3 3 1 0 0 2 0 1 3 1 1 3 3 2 0 0 1 0 2 2 3 2 0 
  0.000000   0.000000  35.860000 ( 35.854610)
prob050
time(init) = 0.017988
time(kernel) = 130.551350
len=55: 0 1 1 0 0 2 3 2 3 1 1 0 1 3 3 2 0 2 3 1 0 0 2 0 1 3 1 0 2 2 3 3 2 3 1 0 1 0 2 2 3 1 1 1 0 2 3 1 3 2 0 0 0 2 2 
  0.000000   0.000000 130.600000 (130.577185)
prob051
time(init) = 0.017996
time(kernel) = 330.943194
len=53: 2 3 3 1 3 2 0 1 0 2 0 1 3 1 0 2 2 3 1 1 1 0 2 2 3 1 1 3 3 2 2 0 1 0 1 3 3 2 0 0 0 1 3 3 3 2 2 2 0 1 0 0 2 
  0.000000   0.000000 331.020000 (330.969083)
prob052
time(init) = 0.017949
time(kernel) = 319.006372
len=54: 3 2 2 0 1 1 3 2 3 2 0 1 3 1 1 0 2 2 3 1 3 1 0 0 2 2 3 3 2 0 0 0 1 1 1 3 2 3 2 3 1 0 2 2 3 1 1 1 0 2 2 2 0 0 
  0.000000   0.000000 319.080000 (319.032233)
prob053
time(init) = 0.018040
time(kernel) = 95.014712
len=54: 0 0 0 2 2 2 3 3 1 1 1 0 0 2 2 3 3 1 3 2 2 0 1 1 1 3 2 0 0 1 3 2 0 2 3 3 1 0 0 0 2 3 3 1 1 0 2 2 0 1 3 2 2 0 
  0.000000   0.000000  95.060000 ( 95.040699)
prob054
time(init) = 0.018053
time(kernel) = 122.086370
len=52: 0 1 3 1 0 2 2 3 3 1 3 2 0 0 1 3 1 0 2 0 2 3 3 1 3 2 0 2 0 0 1 1 1 3 2 3 1 0 2 2 3 2 3 1 0 0 2 3 1 0 0 2 
  0.000000   0.000000 122.130000 (122.112362)
prob055
time(init) = 0.018494
time(kernel) = 517.973346
len=51: 3 2 3 3 1 0 2 3 2 0 1 0 2 2 3 1 0 2 3 3 1 1 0 0 2 3 1 1 0 2 0 2 2 3 3 1 1 0 2 3 3 1 0 1 0 2 3 2 0 0 2 
  0.000000   0.000000 518.100000 (517.999863)
prob056
time(init) = 0.018277
time(kernel) = 115.452403
len=54: 1 3 3 2 0 2 0 2 3 1 0 1 3 2 0 1 1 3 2 0 2 2 3 1 3 1 0 2 3 3 2 0 0 1 3 3 1 0 1 0 2 0 2 3 3 3 1 0 0 0 2 3 2 0 
  0.000000   0.000000 115.490000 (115.479476)
prob057
time(init) = 0.017964
time(kernel) = 137.543270
len=51: 0 0 1 1 3 3 2 3 2 0 2 0 0 1 1 3 2 3 1 1 3 2 2 2 0 1 0 2 3 1 1 1 0 2 2 0 1 1 3 2 3 2 0 1 3 3 2 0 0 0 2 
  0.000000   0.000000 137.600000 (137.569169)
prob058
time(init) = 0.018267
time(kernel) = 110.795706
len=54: 0 0 1 1 1 3 2 2 3 1 3 1 0 0 2 0 2 3 3 2 0 0 1 3 1 3 3 1 0 2 2 0 1 0 1 3 3 2 2 3 2 0 0 1 3 2 3 1 0 1 0 0 2 2 
  0.000000   0.000000 110.840000 (110.822095)
prob059
time(init) = 0.018416
time(kernel) = 209.325731
len=57: 3 2 0 2 3 1 0 1 3 3 3 2 0 2 3 2 0 0 1 0 2 3 1 3 3 1 0 1 0 2 2 3 1 1 0 2 0 2 3 3 2 0 1 1 0 1 3 2 3 3 1 0 2 2 2 0 0 
  0.000000   0.000000 209.380000 (209.352114)
prob060
time(init) = 0.017953
time(kernel) = 139.118544
len=54: 0 2 2 2 3 1 0 1 3 1 3 2 2 3 1 1 0 2 2 0 0 1 1 3 3 2 2 2 0 1 3 3 1 1 0 2 0 2 0 1 3 2 3 3 2 0 1 3 1 0 0 2 2 0 
  0.000000   0.000000 139.170000 (139.144675)
prob061
time(init) = 0.018367
time(kernel) = 254.261503
len=52: 0 2 3 1 3 2 3 1 0 2 0 1 3 3 1 1 0 0 2 2 0 1 3 2 3 3 1 1 0 0 2 2 3 3 1 0 1 0 0 2 2 3 2 3 1 3 2 0 1 0 0 2 
  0.000000   0.000000 254.320000 (254.287857)
prob062
time(init) = 0.017992
time(kernel) = 577.236845
len=54: 3 3 2 0 1 0 2 3 2 2 3 1 0 2 0 0 1 3 1 3 2 2 0 0 1 3 1 3 2 3 1 1 0 0 2 0 1 3 3 2 0 0 2 3 3 3 1 0 2 3 2 0 0 0 
  0.000000   0.000000 577.360000 (577.262754)
prob063
time(init) = 0.018108
time(kernel) = 98.015948
len=64: 0 0 0 2 2 2 3 1 1 3 1 0 0 2 3 2 3 2 3 1 1 1 0 0 0 2 2 3 3 1 0 2 2 3 1 0 2 3 3 1 1 1 0 0 2 0 1 3 2 2 0 2 3 3 3 1 1 1 0 0 2 2 2 0 
  0.000000   0.000000  98.060000 ( 98.041950)
prob064
time(init) = 0.017838
time(kernel) = 853.256699
len=52: 2 2 2 0 0 1 3 1 1 0 0 2 3 1 0 2 2 2 3 1 1 3 3 2 0 2 0 1 1 3 1 0 2 0 1 3 2 3 3 2 0 1 3 1 0 0 2 0 2 3 2 0 
  0.000000   0.010000 853.500000 (853.283412)
prob065
time(init) = 0.018283
time(kernel) = 304.626690
len=57: 0 1 3 2 3 3 1 1 0 2 0 1 0 2 2 3 1 1 1 3 2 2 2 3 1 1 0 1 3 2 0 2 2 0 1 0 1 3 3 1 0 2 2 3 1 0 0 2 3 3 2 0 1 1 0 2 2 
  0.000000   0.000000 304.660000 (304.652992)
prob066
time(init) = 0.018098
time(kernel) = 531.594413
len=56: 2 3 1 3 1 3 2 2 2 0 0 1 1 3 1 0 0 2 3 2 3 1 0 1 0 2 2 3 3 2 0 0 1 3 1 3 2 3 2 0 0 1 3 3 1 1 0 0 2 2 3 3 2 0 0 0 
  0.000000   0.000000 531.690000 (531.620421)
prob067
time(init) = 0.017876
time(kernel) = 84.228305
len=50: 1 0 2 3 2 3 1 1 0 0 2 3 3 3 1 0 0 1 3 3 2 2 2 0 0 0 1 1 3 2 3 2 0 0 1 3 1 1 3 2 2 0 1 3 3 2 2 0 0 0 
  0.000000   0.000000  84.270000 ( 84.256182)
prob068
time(init) = 0.018857
time(kernel) = 374.235625
len=52: 0 2 3 3 1 1 0 1 0 2 3 2 0 1 3 1 3 2 3 2 0 0 1 1 3 2 2 0 2 3 1 3 1 0 0 2 0 1 3 1 3 3 2 2 0 1 3 2 2 0 0 0 
  0.000000   0.000000 374.250000 (374.262377)
prob069
time(init) = 0.018225
time(kernel) = 800.380680
len=50: 2 2 0 0 1 1 3 1 3 2 3 1 0 0 2 2 2 3 3 1 1 0 1 0 2 2 0 1 1 3 2 0 2 3 1 3 2 2 0 1 1 3 2 3 1 0 0 0 2 2 
  0.000000   0.000000 800.510000 (800.406858)
prob070
time(init) = 0.017958
time(kernel) = 340.441230
len=57: 3 2 2 2 0 1 1 1 0 2 2 3 1 3 2 2 0 1 0 2 0 1 1 3 3 1 0 0 2 3 1 3 3 2 0 0 2 0 2 3 3 1 3 1 0 2 0 0 2 3 3 3 1 0 0 0 2 
  0.000000   0.000000 340.540000 (340.467158)
prob071
time(init) = 0.017982
time(kernel) = 239.892018
len=55: 0 1 1 1 3 2 3 3 2 0 0 2 3 1 0 1 3 2 0 0 1 3 1 3 3 2 0 0 1 3 3 2 0 2 0 0 1 1 3 2 2 2 0 1 1 1 3 2 3 2 3 2 0 0 0 
  0.000000   0.000000 239.930000 (239.918070)
prob072
time(init) = 0.018529
time(kernel) = 452.065577
len=53: 0 1 3 3 2 3 2 0 2 3 1 0 0 1 3 3 2 0 0 2 0 1 3 1 1 3 2 0 0 2 3 2 3 1 3 1 0 0 2 3 3 1 0 0 1 3 3 2 0 0 2 0 2 
  0.000000   0.000000 452.210000 (452.092139)
prob073
time(init) = 0.018243
time(kernel) = 341.632957
len=54: 1 3 1 1 0 2 2 2 3 1 0 1 3 1 3 2 0 2 3 3 2 0 1 1 3 2 0 1 3 1 0 0 2 0 2 2 3 3 3 1 0 0 1 3 3 1 0 0 2 3 2 0 0 2 
  0.000000   0.000000 341.750000 (341.659137)
prob074
time(init) = 0.017974
time(kernel) = 1743.349050
len=59: 1 1 0 2 2 3 1 0 0 0 1 3 2 2 0 1 1 1 3 2 2 2 3 1 0 2 0 1 1 1 3 2 2 2 0 1 1 3 3 1 3 2 2 0 1 1 0 2 3 3 1 0 2 3 2 0 0 0 2 
  0.000000   0.000000 1743.880000 (1743.374976)
prob075
time(init) = 0.018247
time(kernel) = 131.210691
len=53: 3 1 3 2 2 0 2 0 0 1 1 3 3 2 2 0 1 0 1 3 1 0 2 3 3 1 0 2 3 2 3 2 0 1 0 2 0 1 1 3 3 3 2 0 0 0 1 3 3 2 0 2 0 
  0.000000   0.000000 131.280000 (131.242840)
prob076
time(init) = 0.023648
time(kernel) = 666.059415
len=56: 1 3 2 2 2 3 1 1 3 1 0 0 2 0 1 3 3 2 0 2 0 2 3 1 0 1 3 2 3 1 3 2 2 0 1 1 3 2 2 0 0 1 3 1 1 3 2 2 0 1 0 1 0 2 2 2 
  0.000000   0.000000 666.270000 (666.091135)
prob077
time(init) = 0.018256
time(kernel) = 134.367937
len=56: 2 2 0 1 3 3 2 0 2 3 1 0 1 3 2 3 2 0 0 1 1 0 2 3 3 3 1 0 1 3 2 0 0 1 3 2 0 0 2 2 3 1 3 3 1 0 0 2 0 1 3 1 0 2 2 2 
  0.000000   0.000000 134.410000 (134.394074)
prob078
time(init) = 0.017895
time(kernel) = 1190.604072
len=57: 0 1 0 2 3 2 0 1 1 3 2 2 2 0 1 1 1 3 2 2 2 3 1 1 1 0 2 3 2 0 0 0 2 3 3 1 1 0 2 3 1 3 2 2 0 0 1 0 1 1 3 2 3 2 0 0 2 
  0.000000   0.000000 1190.920000 (1190.629989)
prob079
time(init) = 0.018168
time(kernel) = 1062.313844
len=60: 0 1 3 1 3 1 0 0 2 0 2 3 3 3 1 1 0 0 0 2 2 3 2 0 1 3 3 2 0 1 1 3 2 2 3 1 1 1 0 0 2 0 2 2 3 3 3 1 1 1 0 2 2 3 1 0 0 0 2 2 
  0.000000   0.000000 1062.570000 (1062.339910)
prob080
time(init) = 0.017944
time(kernel) = 615.448026
len=58: 0 1 1 3 2 0 2 3 1 3 3 1 0 2 2 0 2 3 1 0 1 1 3 2 2 3 2 0 0 0 1 3 3 3 1 1 0 2 2 3 1 0 0 0 1 3 2 0 2 3 3 2 0 1 1 0 2 2 
  0.000000   0.000000 615.560000 (615.473994)
prob081
time(init) = 0.018007
time(kernel) = 457.486746
len=59: 0 1 1 3 2 2 3 1 0 0 2 3 3 3 1 0 0 2 3 1 1 3 1 0 0 0 2 2 3 3 1 0 1 3 2 0 0 2 3 3 1 3 1 0 0 2 3 1 0 0 2 2 3 1 0 2 3 2 0 
  0.000000   0.000000 457.620000 (457.512775)
prob082
time(init) = 0.018612
time(kernel) = 872.435797
len=57: 0 2 3 3 1 0 0 0 2 3 3 3 1 0 0 1 1 3 2 3 2 0 0 1 0 2 2 3 1 3 1 0 0 1 3 3 3 2 0 0 0 1 3 3 3 2 0 2 0 0 1 1 3 2 2 2 0 
  0.000000   0.000000 872.680000 (872.462346)
prob083
time(init) = 0.018018
time(kernel) = 1600.597433
len=56: 1 0 0 2 2 3 3 1 3 1 0 0 2 3 3 2 0 2 0 0 1 1 1 3 2 3 2 2 3 1 0 1 3 2 0 2 0 1 0 1 3 1 0 2 3 3 2 0 0 1 3 3 2 0 0 2 
  0.000000   0.000000 1601.060000 (1600.623487)
prob084
time(init) = 0.018137
time(kernel) = 515.728156
len=58: 0 1 1 0 1 3 2 0 2 3 1 0 1 3 2 3 2 2 3 1 0 0 0 1 3 3 3 2 0 0 2 3 3 1 0 0 1 3 1 3 2 2 0 0 0 1 3 3 2 0 0 2 3 3 1 0 0 2 
  0.000000   0.000000 515.920000 (515.754292)
prob085
time(init) = 0.018280
time(kernel) = 1495.150323
len=59: 2 3 2 0 0 0 1 3 1 3 2 2 0 2 0 1 3 2 3 3 1 0 0 1 3 3 2 0 0 0 2 3 3 1 0 0 1 1 3 2 3 3 2 0 0 0 1 3 2 0 2 3 1 1 1 0 2 2 2 
  0.000000   0.000000 1495.420000 (1495.176567)
prob086
time(init) = 0.018097
time(kernel) = 2282.482942
len=56: 0 2 2 2 3 1 3 1 0 1 3 2 0 0 1 3 2 0 2 3 3 1 3 1 0 0 2 0 2 3 1 3 3 1 0 0 2 0 1 3 2 3 2 3 2 0 1 0 2 3 1 3 2 0 0 0 
  0.000000   0.000000 2282.830000 (2282.509046)
prob087
time(init) = 0.018087
time(kernel) = 2610.846179
len=59: 1 0 0 2 0 2 3 3 2 3 1 1 0 2 2 0 0 1 3 1 3 1 0 2 3 2 2 3 1 1 1 0 2 2 0 2 3 1 3 1 1 0 2 0 2 2 0 1 1 1 3 2 2 0 1 3 2 2 0 
  0.000000   0.000000 2611.260000 (2610.872470)
prob088
time(init) = 0.017961
time(kernel) = 2450.184436
len=57: 0 1 3 1 3 2 2 3 1 1 1 0 2 3 2 0 0 2 3 1 1 0 1 0 2 2 3 3 3 2 0 0 1 1 0 2 2 3 1 3 1 0 1 3 2 0 2 3 1 3 1 0 0 0 2 2 2 
  0.000000   0.000000 2450.580000 (2450.210457)
prob089
time(init) = 0.018073
time(kernel) = 1264.295525
len=59: 0 2 2 2 3 1 1 1 0 2 2 3 1 0 0 2 3 3 3 2 0 0 0 1 3 2 3 1 3 1 0 2 0 1 3 2 2 0 1 3 3 1 0 1 0 2 0 1 3 2 2 3 2 0 0 1 3 2 0 
  0.010000   0.000000 1264.520000 (1264.321538)
prob090
time(init) = 0.017900
time(kernel) = 2580.763660
len=55: 0 0 2 2 3 1 0 2 3 3 1 0 1 3 2 3 1 0 2 3 2 2 0 1 1 0 2 2 3 1 1 0 2 0 1 1 3 2 0 2 2 3 1 1 0 2 3 3 1 1 0 0 2 2 2 
  0.000000   0.000000 2581.200000 (2580.789544)
prob091
time(init) = 0.017936
time(kernel) = 2778.909808
len=57: 0 2 2 3 1 1 3 1 3 2 2 2 0 1 0 1 0 2 2 3 1 3 3 1 0 0 1 3 2 0 0 1 3 2 0 2 3 3 3 1 1 0 0 2 0 2 3 3 3 1 1 0 2 0 0 2 2 
  0.000000   0.000000 2779.390000 (2778.935718)
prob092
time(init) = 0.017943
time(kernel) = 1331.594942
len=62: 2 0 0 0 2 3 2 0 1 3 3 3 1 0 2 2 3 1 0 2 0 1 1 3 1 0 0 2 3 1 0 2 2 3 1 3 2 0 2 0 1 1 3 3 3 2 2 0 1 1 3 1 0 0 2 3 3 2 2 0 0 0 
  0.000000   0.000000 1331.830000 (1331.620829)
prob093
time(init) = 0.017925
time(kernel) = 3810.931054
len=59: 1 3 1 0 2 2 2 3 1 1 1 0 2 2 2 3 1 1 3 3 2 2 0 0 1 1 3 3 1 0 2 3 2 0 1 0 1 3 3 2 2 2 0 1 3 1 0 2 0 1 0 1 3 3 2 0 2 0 2 
  0.000000   0.000000 3811.580000 (3810.956959)
prob094
time(init) = 0.017819
time(kernel) = 1055.803888
len=64: 0 0 1 1 1 3 3 3 2 2 2 0 0 0 1 3 3 3 2 0 0 0 1 3 1 3 2 2 0 1 1 3 1 0 2 0 1 3 3 3 2 2 2 0 1 1 0 0 2 3 3 1 1 3 2 2 0 1 0 2 3 2 0 0 
  0.000000   0.000000 1056.000000 (1055.829692)
prob095
time(init) = 0.017871
time(kernel) = 1868.845540
len=66: 2 2 3 3 1 1 3 1 0 0 0 2 3 1 0 2 2 2 3 1 1 0 2 2 3 3 1 3 2 0 0 1 3 3 1 1 0 0 2 0 2 3 3 2 3 1 1 1 0 0 2 2 3 3 1 1 0 0 0 2 3 1 0 2 2 2 
  0.000000   0.000000 1869.160000 (1868.871372)
prob096
time(init) = 0.017819
time(kernel) = 7720.737094
len=66: 0 2 0 0 2 3 1 1 0 2 2 2 3 1 1 3 2 2 0 1 1 1 0 2 2 2 3 1 1 3 2 3 1 1 0 0 2 0 2 3 3 3 1 1 0 2 0 2 3 3 2 0 0 1 3 3 1 1 0 2 2 3 2 0 0 0 
  0.000000   0.000000 7721.990000 (7720.762916)
prob097
