nohup: ignoring input
prob000
time(init) = 0.036915
time(kernel) = 0.960415
len=45: 2 2 2 0 1 1 3 2 0 2 3 1 3 2 0 0 0 1 1 3 1 3 2 2 0 2 3 1 0 0 1 1 3 3 2 2 3 1 0 2 0 1 0 2 2 
  0.000000   0.000000   0.990000 (  1.006086)
prob001
time(init) = 0.031228
time(kernel) = 1.461652
len=42: 1 1 0 1 3 3 2 0 0 2 3 2 0 1 3 3 1 0 0 2 3 2 3 1 1 0 1 0 2 0 2 3 2 0 1 1 1 3 2 2 0 2 
  0.000000   0.000000   1.500000 (  1.501584)
prob002
time(init) = 0.031459
time(kernel) = 0.956634
len=42: 1 1 3 3 3 2 0 2 3 1 0 0 2 3 1 0 1 3 2 2 0 1 1 1 3 2 3 2 0 0 0 1 3 1 0 2 3 3 2 0 0 2 
  0.000000   0.000000   1.000000 (  0.996767)
prob003
time(init) = 0.031393
time(kernel) = 3.756407
len=49: 1 0 2 3 1 1 0 1 3 2 0 1 0 2 2 3 3 1 0 1 0 2 2 0 1 3 2 2 0 1 1 1 3 2 2 3 2 0 1 3 1 1 0 2 0 2 3 2 0 
  0.000000   0.000000   3.800000 (  3.796482)
prob004
time(init) = 0.031350
time(kernel) = 1.607014
len=41: 3 2 3 1 0 2 2 0 0 1 1 3 2 0 1 3 3 3 2 0 0 2 0 1 1 3 3 3 2 0 0 1 3 1 3 2 2 0 2 0 0 
  0.000000   0.000000   1.640000 (  1.647092)
prob005
time(init) = 0.031242
time(kernel) = 1.833341
len=46: 0 1 3 2 2 3 1 0 0 2 3 3 3 1 0 1 3 1 0 0 2 3 3 1 0 2 3 2 0 0 0 1 3 2 0 2 3 3 1 1 1 0 2 2 2 0 
  0.000000   0.000000   1.870000 (  1.873276)
prob006
time(init) = 0.031360
time(kernel) = 6.958190
len=50: 2 0 1 3 3 2 0 0 1 3 1 1 0 2 2 3 1 3 1 0 0 2 3 3 1 3 2 0 2 3 2 0 0 1 3 1 1 0 2 2 3 3 1 1 0 0 2 2 0 2 
  0.000000   0.000000   7.000000 (  6.998417)
prob007
time(init) = 0.031398
time(kernel) = 2.650640
len=45: 1 1 3 2 3 2 0 2 3 3 1 0 0 0 2 3 1 1 1 3 2 2 2 0 1 1 0 1 3 3 2 2 0 0 2 3 3 3 1 1 0 0 2 2 0 
  0.000000   0.000000   2.690000 (  2.690829)
prob008
time(init) = 0.031456
time(kernel) = 5.568940
len=44: 2 0 1 3 1 0 0 0 2 3 3 1 0 2 2 3 1 1 1 0 0 2 3 1 3 3 2 2 0 1 3 1 0 2 0 1 0 2 2 3 3 2 0 0 
  0.000000   0.000000   5.610000 (  5.609250)
prob009
time(init) = 0.031308
time(kernel) = 5.064634
len=49: 2 0 0 1 3 3 2 2 2 0 1 3 1 0 2 3 2 0 1 0 1 1 3 2 3 2 0 0 2 3 1 0 1 1 3 3 2 3 1 0 2 2 3 1 0 0 2 2 0 
  0.000000   0.000000   5.100000 (  5.104772)
prob010
time(init) = 0.031834
time(kernel) = 1.652245
len=44: 0 0 0 1 1 3 3 3 2 0 2 3 1 0 2 0 1 3 2 2 0 1 1 1 3 3 2 0 0 0 2 2 3 1 0 1 1 3 2 3 2 0 0 2 
  0.000000   0.000000   1.690000 (  1.693053)
prob011
time(init) = 0.031244
time(kernel) = 2.274489
len=53: 3 3 1 0 0 1 3 1 0 0 2 2 3 2 3 3 1 1 0 1 3 2 0 1 0 0 2 3 3 2 3 1 0 1 0 0 2 3 2 2 3 1 1 0 2 0 2 3 3 1 0 0 2 
  0.000000   0.000000   2.310000 (  2.314583)
prob012
time(init) = 0.031262
time(kernel) = 4.672130
len=47: 2 0 2 3 1 0 2 0 1 3 2 3 1 0 1 0 2 2 3 2 3 3 1 1 0 2 2 0 0 1 3 1 1 3 3 2 0 2 2 0 1 3 3 2 0 0 0 
  0.000000   0.000000   4.720000 (  4.712250)
prob013
time(init) = 0.031271
time(kernel) = 3.103538
len=46: 0 2 0 2 3 3 2 0 1 0 0 2 3 3 1 0 1 0 2 2 3 1 1 1 0 2 3 1 3 3 2 2 0 1 0 1 3 2 3 2 2 0 1 0 0 2 
  0.000000   0.000000   3.140000 (  3.143608)
prob014
time(init) = 0.031387
time(kernel) = 3.285987
len=46: 0 0 2 3 2 3 1 0 1 3 3 2 0 0 0 2 3 3 3 1 0 0 0 2 3 3 1 0 1 0 2 3 1 1 0 2 3 1 3 2 3 2 0 0 2 0 
  0.000000   0.000000   3.330000 (  3.326130)
prob015
time(init) = 0.031360
time(kernel) = 16.039834
len=50: 3 2 0 2 3 3 1 0 0 1 0 2 2 3 3 3 1 0 2 2 3 1 1 1 0 0 2 3 1 0 2 0 1 3 2 2 2 3 1 1 1 0 2 0 2 2 3 1 0 2 
  0.000000   0.000000  16.080000 ( 16.079994)
prob016
time(init) = 0.031237
time(kernel) = 9.354792
len=45: 0 1 0 0 2 3 2 2 3 1 3 1 0 0 2 0 1 1 3 2 0 2 2 3 3 1 0 2 3 3 1 0 1 1 0 2 2 0 1 1 3 2 2 0 2 
  0.000000   0.000000   9.400000 (  9.394830)
prob017
time(init) = 0.031469
time(kernel) = 18.569931
len=44: 2 3 3 2 0 0 1 3 1 3 2 0 1 1 3 2 0 1 0 2 3 3 2 3 2 0 1 3 1 1 0 0 0 2 2 3 2 3 1 1 0 0 2 2 
  0.000000   0.000000  18.600000 ( 18.610728)
prob018
time(init) = 0.034279
time(kernel) = 19.874328
len=51: 3 1 3 1 0 0 2 3 1 0 2 2 3 3 2 3 1 0 1 3 2 0 1 0 2 3 2 0 0 1 3 3 1 3 1 0 0 2 2 2 3 1 3 1 1 0 0 2 0 2 2 
  0.000000   0.000000  19.930000 ( 19.917502)
prob019
time(init) = 0.031290
time(kernel) = 20.627277
len=53: 2 3 2 0 0 0 2 3 3 3 1 0 2 0 1 1 3 2 0 1 0 2 3 2 3 1 0 1 1 3 2 3 2 0 0 1 1 3 2 0 1 0 2 3 1 3 3 2 2 0 0 2 0 
  0.000000   0.000000  20.670000 ( 20.667515)
prob020
time(init) = 0.031279
time(kernel) = 14.708282
len=50: 0 2 3 2 3 2 3 1 0 0 2 3 1 1 0 1 3 2 0 0 2 3 2 3 1 1 3 2 0 1 0 0 2 3 3 1 3 1 0 0 0 2 3 1 0 2 2 3 2 0 
  0.000000   0.000000  14.750000 ( 14.748422)
prob021
time(init) = 0.031336
time(kernel) = 23.774264
len=46: 2 3 1 1 1 3 2 0 2 3 1 0 0 0 2 2 3 3 1 0 1 1 0 2 2 2 3 3 3 1 1 0 0 1 0 2 3 1 3 3 2 0 2 2 0 0 
  0.000000   0.000000  23.820000 ( 23.814463)
prob022
time(init) = 0.031254
time(kernel) = 33.228282
len=53: 1 3 1 0 0 2 2 3 2 0 1 1 3 1 3 2 0 2 0 0 1 3 2 0 2 3 1 0 1 1 3 2 3 1 0 2 2 3 3 1 1 0 0 2 2 3 2 3 1 0 2 0 0 
  0.000000   0.000000  33.270000 ( 33.268321)
prob023
time(init) = 0.031499
time(kernel) = 16.542332
len=53: 1 1 3 2 3 3 2 0 2 0 0 1 1 3 2 0 1 1 3 2 3 2 2 3 1 1 0 1 3 2 0 2 0 2 0 1 1 3 1 3 2 3 2 0 0 2 3 3 1 0 0 0 2 
  0.000000   0.000000  16.590000 ( 16.582770)
prob024
time(init) = 0.031455
time(kernel) = 13.984443
len=50: 0 0 2 3 1 1 0 1 3 2 3 2 2 0 1 1 0 2 2 3 1 3 1 0 1 3 2 0 0 1 3 2 2 0 1 0 1 3 2 3 2 2 0 0 1 1 3 2 2 0 
  0.000000   0.000000  14.020000 ( 14.024696)
prob025
time(init) = 0.031428
time(kernel) = 12.888234
len=52: 0 2 2 3 2 0 1 3 3 2 0 0 1 3 1 1 3 2 0 0 2 3 3 1 3 2 2 0 1 1 1 3 2 2 2 0 1 1 0 1 0 2 3 1 3 3 2 0 2 0 2 0 
  0.000000   0.000000  12.930000 ( 12.928587)
prob026
time(init) = 0.031484
time(kernel) = 46.354445
len=52: 1 1 0 0 2 2 0 1 1 3 2 3 2 2 0 0 1 1 3 2 3 3 1 1 0 2 3 2 2 0 0 1 3 2 0 1 0 1 1 3 2 3 2 3 1 0 2 0 1 0 2 2 
  0.000000   0.000000  46.410000 ( 46.394746)
prob027
time(init) = 0.031222
time(kernel) = 30.597546
len=42: 2 2 0 0 0 1 1 3 2 2 2 3 1 1 3 1 0 0 2 3 3 1 0 2 3 2 0 0 1 0 1 3 3 2 2 2 0 1 1 0 2 2 
  0.000000   0.000000  30.640000 ( 30.637605)
prob028
time(init) = 0.031249
time(kernel) = 23.692490
len=49: 1 1 3 2 2 2 0 1 3 3 1 0 1 3 2 3 2 2 0 1 1 0 2 2 3 1 3 1 0 1 3 2 0 2 0 1 0 1 3 3 2 0 1 0 2 3 2 2 0 
  0.000000   0.000000  23.740000 ( 23.732601)
prob029
time(init) = 0.031402
time(kernel) = 12.948713
len=55: 1 1 3 3 2 0 0 2 2 3 3 1 1 0 2 2 3 1 3 1 0 0 1 3 2 2 0 1 3 2 3 1 1 0 0 2 0 1 3 3 2 0 0 2 3 3 2 3 1 1 0 0 0 2 2 
  0.000000   0.000000  12.990000 ( 12.989024)
prob030
time(init) = 0.033205
time(kernel) = 27.140927
len=49: 0 1 0 2 3 1 1 1 0 0 2 2 3 1 3 2 0 2 3 1 3 1 0 1 0 0 2 3 2 2 3 1 3 1 1 0 0 2 2 3 1 3 1 0 0 0 2 2 2 
  0.000000   0.000000  27.180000 ( 27.182962)
prob031
time(init) = 0.031271
time(kernel) = 3.844585
len=56: 0 0 1 1 3 3 2 2 3 1 0 2 0 0 1 1 3 3 3 2 2 0 0 1 3 1 1 3 2 2 2 0 1 1 1 0 0 2 2 3 3 1 1 0 2 0 2 3 3 1 3 2 2 0 0 0 
  0.000000   0.000000   3.890000 (  3.884742)
prob032
time(init) = 0.031405
time(kernel) = 28.234481
len=49: 0 1 3 3 1 3 2 0 1 1 0 0 2 3 2 2 3 1 0 1 3 3 1 0 2 2 3 1 1 0 0 2 2 0 2 3 3 1 0 0 2 3 3 3 1 0 0 0 2 
  0.000000   0.000000  28.280000 ( 28.274725)
prob033
time(init) = 0.031294
time(kernel) = 22.481776
len=49: 0 1 0 2 3 2 3 2 0 0 1 3 2 0 0 1 3 1 3 3 2 0 1 3 1 0 2 3 2 2 0 0 1 0 1 1 3 3 2 0 2 0 1 1 3 2 2 2 0 
  0.000000   0.000000  22.520000 ( 22.521858)
prob034
time(init) = 0.031680
time(kernel) = 29.313369
len=57: 2 2 3 1 3 3 1 0 0 0 2 3 3 2 2 0 1 1 1 0 2 2 3 1 3 2 0 1 3 3 2 0 2 3 1 0 2 0 1 3 1 1 0 2 2 3 1 1 0 2 3 3 2 0 2 0 0 
  0.000000   0.000000  29.360000 ( 29.353929)
prob035
time(init) = 0.031282
time(kernel) = 111.868899
len=49: 2 2 3 1 1 0 2 0 0 2 2 3 1 3 2 3 1 1 0 0 0 1 3 2 2 0 1 1 3 2 3 2 2 3 1 0 0 1 3 3 2 0 2 3 1 0 0 2 0 
  0.000000   0.000000 111.940000 (111.909716)
prob036
time(init) = 0.031445
time(kernel) = 31.428848
len=52: 0 0 2 2 2 3 3 1 0 0 0 2 3 3 1 1 3 2 2 0 1 0 1 0 2 2 3 3 1 3 1 1 0 0 2 2 3 1 1 0 2 0 2 3 3 1 3 2 2 0 0 0 
  0.000000   0.000000  31.470000 ( 31.469609)
prob037
time(init) = 0.034836
time(kernel) = 22.684518
len=56: 0 0 0 2 2 3 1 3 1 0 0 2 3 2 2 3 1 1 0 2 2 3 1 3 1 0 1 0 2 2 3 3 2 0 1 3 1 0 1 0 2 0 2 3 3 3 1 0 1 0 0 2 2 3 2 0 
  0.000000   0.000000  22.730000 ( 22.728183)
prob038
time(init) = 0.032363
time(kernel) = 33.948481
len=54: 1 1 1 3 3 2 2 0 0 1 1 3 2 3 2 3 2 0 0 0 1 1 3 3 3 2 2 0 1 1 0 2 2 3 1 1 1 3 2 2 0 0 0 1 3 1 3 3 2 2 0 0 2 0 
  0.000000   0.000000  34.010000 ( 33.996776)
prob039
time(init) = 0.039696
time(kernel) = 2.031156
len=47: 0 0 1 3 1 0 2 3 3 2 0 2 0 1 1 3 2 3 1 0 1 3 2 3 1 0 2 0 2 3 3 1 0 2 2 3 1 0 0 2 3 1 1 0 2 0 2 
  0.000000   0.000000   2.080000 (  2.081027)
prob040
time(init) = 0.033359
time(kernel) = 14.080318
len=51: 2 2 3 1 0 0 2 3 3 1 3 2 0 1 1 0 1 3 2 3 2 0 0 1 3 3 1 0 2 2 2 0 1 1 0 2 3 3 3 1 0 0 2 3 1 0 1 0 2 2 2 
  0.000000   0.000000  14.120000 ( 14.122440)
prob041
time(init) = 0.032477
time(kernel) = 65.386423
len=52: 1 3 2 2 2 3 1 1 1 0 2 2 0 1 1 3 2 3 3 2 2 0 0 0 1 3 3 3 2 0 0 1 3 1 0 2 0 1 3 2 3 3 1 1 0 2 3 2 2 0 0 0 
  0.000000   0.000000  65.420000 ( 65.427641)
prob042
time(init) = 0.032107
time(kernel) = 33.768952
len=52: 0 0 1 1 0 2 3 3 2 2 0 1 0 1 3 2 3 1 3 2 2 0 0 0 1 3 3 1 1 0 2 2 2 3 1 1 1 0 0 2 3 2 3 1 3 2 2 0 1 0 2 0 
  0.000000   0.000000  33.830000 ( 33.809814)
prob043
time(init) = 0.032328
time(kernel) = 34.651480
len=47: 0 1 3 2 0 0 1 3 2 0 1 1 0 2 2 3 1 0 1 1 3 2 2 0 1 1 3 2 3 2 0 1 3 3 2 2 0 1 1 3 1 0 2 0 0 2 2 
  0.000000   0.000000  34.680000 ( 34.692600)
prob044
time(init) = 0.032917
time(kernel) = 203.486497
len=50: 3 2 2 0 1 1 3 1 0 2 2 3 3 2 0 0 1 3 3 3 2 0 0 0 1 3 3 1 0 0 2 3 1 1 3 2 3 1 0 2 2 3 1 1 0 2 2 2 0 0 
  0.000000   0.000000 203.540000 (203.528178)
prob045
time(init) = 0.032451
time(kernel) = 45.382995
len=56: 0 1 1 3 2 2 2 0 1 1 3 1 0 2 3 3 1 0 2 2 2 0 1 1 1 3 2 3 3 1 0 0 2 3 2 3 1 0 2 2 3 1 1 1 0 2 2 0 1 1 3 2 2 2 0 0 
  0.000000   0.000000  45.420000 ( 45.424255)
prob046
time(init) = 0.032270
time(kernel) = 88.608864
len=48: 1 3 2 2 3 1 3 2 0 1 3 1 0 2 3 2 2 0 0 0 1 3 2 3 1 0 1 1 3 2 2 0 1 0 2 3 2 3 3 1 1 0 0 2 3 2 0 0 
  0.000000   0.000000  88.660000 ( 88.652507)
prob047
time(init) = 0.039414
time(kernel) = 224.133003
len=57: 3 1 0 1 3 3 2 0 2 3 2 0 0 1 3 2 0 1 1 1 3 3 3 2 0 2 0 0 1 3 1 3 3 2 0 2 3 2 0 0 1 1 1 0 2 3 1 3 2 3 2 2 0 0 1 0 2 
  0.000000   0.000000 224.230000 (224.181348)
prob048
time(init) = 0.032396
time(kernel) = 253.394895
len=54: 3 1 0 0 2 0 1 3 2 3 1 0 2 3 2 3 1 0 2 0 2 0 1 3 2 3 3 1 0 0 1 3 2 2 0 1 0 1 3 1 3 2 2 0 0 1 3 3 2 2 0 1 0 2 
  0.000000   0.000000 253.440000 (253.436183)
prob049
time(init) = 0.032551
time(kernel) = 28.282865
len=55: 0 0 0 1 3 1 3 2 0 0 1 3 3 1 0 0 2 3 3 1 3 2 2 0 0 2 3 3 1 0 0 2 3 3 1 0 0 2 0 1 3 1 1 3 3 2 0 0 1 0 2 2 3 2 0 
  0.000000   0.000000  28.330000 ( 28.324350)
prob050
time(init) = 0.032551
time(kernel) = 103.060065
len=55: 0 1 1 0 0 2 3 2 3 1 1 0 1 3 3 2 0 2 3 1 0 0 2 0 1 3 1 0 2 2 3 3 2 3 1 0 1 0 2 2 3 1 1 1 0 2 3 1 3 2 0 0 0 2 2 
  0.000000   0.000000 103.100000 (103.101510)
prob051
time(init) = 0.032361
time(kernel) = 261.442867
len=53: 2 3 3 1 3 2 0 1 0 2 0 1 3 1 0 2 2 3 1 1 1 0 2 2 3 1 1 3 3 2 2 0 1 0 1 3 3 2 0 0 0 1 3 3 3 2 2 2 0 1 0 0 2 
  0.000000   0.000000 261.480000 (261.483970)
prob052
time(init) = 0.033340
time(kernel) = 251.936428
len=54: 3 2 2 0 1 1 3 2 3 2 0 1 3 1 1 0 2 2 3 1 3 1 0 0 2 2 3 3 2 0 0 0 1 1 1 3 2 3 2 3 1 0 2 2 3 1 1 1 0 2 2 2 0 0 
  0.000000   0.000000 251.980000 (251.978604)
prob053
time(init) = 0.032447
time(kernel) = 75.063043
len=54: 0 0 0 2 2 2 3 3 1 1 1 0 0 2 2 3 3 1 3 2 2 0 1 1 1 3 2 0 0 1 3 2 0 2 3 3 1 0 0 0 2 3 3 1 1 0 2 2 0 1 3 2 2 0 
  0.000000   0.000000  75.110000 ( 75.109731)
prob054
time(init) = 0.033298
time(kernel) = 96.473199
len=52: 0 1 3 1 0 2 2 3 3 1 3 2 0 0 1 3 1 0 2 0 2 3 3 1 3 2 0 2 0 0 1 1 1 3 2 3 1 0 2 2 3 2 3 1 0 0 2 3 1 0 0 2 
  0.000000   0.000000  96.520000 ( 96.515302)
prob055
time(init) = 0.032269
time(kernel) = 409.333159
len=51: 3 2 3 3 1 0 2 3 2 0 1 0 2 2 3 1 0 2 3 3 1 1 0 0 2 3 1 1 0 2 0 2 2 3 3 1 1 0 2 3 3 1 0 1 0 2 3 2 0 0 2 
  0.000000   0.000000 409.400000 (409.374238)
prob056
time(init) = 0.034943
time(kernel) = 91.230675
len=54: 1 3 3 2 0 2 0 2 3 1 0 1 3 2 0 1 1 3 2 0 2 2 3 1 3 1 0 2 3 3 2 0 0 1 3 3 1 0 1 0 2 0 2 3 3 3 1 0 0 0 2 3 2 0 
  0.000000   0.000000  91.270000 ( 91.274541)
prob057
time(init) = 0.032511
time(kernel) = 108.664365
len=51: 0 0 1 1 3 3 2 3 2 0 2 0 0 1 1 3 2 3 1 1 3 2 2 2 0 1 0 2 3 1 1 1 0 2 2 0 1 1 3 2 3 2 0 1 3 3 2 0 0 0 2 
  0.000000   0.000000 108.710000 (108.705746)
prob058
time(init) = 0.032509
time(kernel) = 87.566918
len=54: 0 0 1 1 1 3 2 2 3 1 3 1 0 0 2 0 2 3 3 2 0 0 1 3 1 3 3 1 0 2 2 0 1 0 1 3 3 2 2 3 2 0 0 1 3 2 3 1 0 1 0 0 2 2 
  0.000000   0.000000  87.610000 ( 87.608332)
prob059
time(init) = 0.032448
time(kernel) = 165.198682
len=57: 3 2 0 2 3 1 0 1 3 3 3 2 0 2 3 2 0 0 1 0 2 3 1 3 3 1 0 1 0 2 2 3 1 1 0 2 0 2 3 3 2 0 1 1 0 1 3 2 3 3 1 0 2 2 2 0 0 
  0.010000   0.000000 165.290000 (165.240039)
prob060
time(init) = 0.032484
time(kernel) = 109.878017
len=54: 0 2 2 2 3 1 0 1 3 1 3 2 2 3 1 1 0 2 2 0 0 1 1 3 3 2 2 2 0 1 3 3 1 1 0 2 0 2 0 1 3 2 3 3 2 0 1 3 1 0 0 2 2 0 
  0.000000   0.000000 109.920000 (109.919398)
prob061
time(init) = 0.032367
time(kernel) = 200.795723
len=52: 0 2 3 1 3 2 3 1 0 2 0 1 3 3 1 1 0 0 2 2 0 1 3 2 3 3 1 1 0 0 2 2 3 3 1 0 1 0 0 2 2 3 2 3 1 3 2 0 1 0 0 2 
  0.000000   0.000000 200.880000 (200.836956)
prob062
time(init) = 0.032469
time(kernel) = 455.746795
len=54: 3 3 2 0 1 0 2 3 2 2 3 1 0 2 0 0 1 3 1 3 2 2 0 0 1 3 1 3 2 3 1 1 0 0 2 0 1 3 3 2 0 0 2 3 3 3 1 0 2 3 2 0 0 0 
  0.000000   0.000000 455.820000 (455.792431)
prob063
time(init) = 0.035281
time(kernel) = 77.272965
len=64: 0 0 0 2 2 2 3 1 1 3 1 0 0 2 3 2 3 2 3 1 1 1 0 0 0 2 2 3 3 1 0 2 2 3 1 0 2 3 3 1 1 1 0 0 2 0 1 3 2 2 0 2 3 3 3 1 1 1 0 0 2 2 2 0 
  0.000000   0.000000  77.310000 ( 77.317192)
prob064
time(init) = 0.031449
time(kernel) = 674.151388
len=52: 2 2 2 0 0 1 3 1 1 0 0 2 3 1 0 2 2 2 3 1 1 3 3 2 0 2 0 1 1 3 1 0 2 0 1 3 2 3 3 2 0 1 3 1 0 0 2 0 2 3 2 0 
  0.000000   0.000000 674.210000 (674.191823)
prob065
time(init) = 0.031405
time(kernel) = 240.780543
len=57: 0 1 3 2 3 3 1 1 0 2 0 1 0 2 2 3 1 1 1 3 2 2 2 3 1 1 0 1 3 2 0 2 2 0 1 0 1 3 3 1 0 2 2 3 1 0 0 2 3 3 2 0 1 1 0 2 2 
  0.000000   0.000000 240.810000 (240.820830)
prob066
time(init) = 0.031450
time(kernel) = 419.887922
len=56: 2 3 1 3 1 3 2 2 2 0 0 1 1 3 1 0 0 2 3 2 3 1 0 1 0 2 2 3 3 2 0 0 1 3 1 3 2 3 2 0 0 1 3 3 1 1 0 0 2 2 3 3 2 0 0 0 
  0.000000   0.000000 419.960000 (419.928321)
prob067
time(init) = 0.031452
time(kernel) = 66.554653
len=50: 1 0 2 3 2 3 1 1 0 0 2 3 3 3 1 0 0 1 3 3 2 2 2 0 0 0 1 1 3 2 3 2 0 0 1 3 1 1 3 2 2 0 1 3 3 2 2 0 0 0 
  0.000000   0.010000  66.600000 ( 66.595004)
prob068
time(init) = 0.031362
time(kernel) = 295.690159
len=52: 0 2 3 3 1 1 0 1 0 2 3 2 0 1 3 1 3 2 3 2 0 0 1 1 3 2 2 0 2 3 1 3 1 0 0 2 0 1 3 1 3 3 2 2 0 1 3 2 2 0 0 0 
  0.000000   0.000000 295.740000 (295.730779)
prob069
time(init) = 0.031570
time(kernel) = 632.661423
len=50: 2 2 0 0 1 1 3 1 3 2 3 1 0 0 2 2 2 3 3 1 1 0 1 0 2 2 0 1 1 3 2 0 2 3 1 3 2 2 0 1 1 3 2 3 1 0 0 0 2 2 
  0.000000   0.000000 632.850000 (632.701964)
prob070
time(init) = 0.043201
time(kernel) = 268.741052
len=57: 3 2 2 2 0 1 1 1 0 2 2 3 1 3 2 2 0 1 0 2 0 1 1 3 3 1 0 0 2 3 1 3 3 2 0 0 2 0 2 3 3 1 3 1 0 2 0 0 2 3 3 3 1 0 0 0 2 
  0.000000   0.000000 268.860000 (268.793099)
prob071
time(init) = 0.032728
time(kernel) = 189.408901
len=55: 0 1 1 1 3 2 3 3 2 0 0 2 3 1 0 1 3 2 0 0 1 3 1 3 3 2 0 0 1 3 3 2 0 2 0 0 1 1 3 2 2 2 0 1 1 1 3 2 3 2 3 2 0 0 0 
  0.000000   0.000000 189.460000 (189.450536)
prob072
time(init) = 0.032348
time(kernel) = 357.283890
len=53: 0 1 3 3 2 3 2 0 2 3 1 0 0 1 3 3 2 0 0 2 0 1 3 1 1 3 2 0 0 2 3 2 3 1 3 1 0 0 2 3 3 1 0 0 1 3 3 2 0 0 2 0 2 
  0.000000   0.000000 357.320000 (357.325045)
prob073
time(init) = 0.032240
time(kernel) = 270.006455
len=54: 1 3 1 1 0 2 2 2 3 1 0 1 3 1 3 2 0 2 3 3 2 0 1 1 3 2 0 1 3 1 0 0 2 0 2 2 3 3 3 1 0 0 1 3 3 1 0 0 2 3 2 0 0 2 
  0.000000   0.000000 270.050000 (270.047612)
prob074
time(init) = 0.032515
time(kernel) = 1377.417493
len=59: 1 1 0 2 2 3 1 0 0 0 1 3 2 2 0 1 1 1 3 2 2 2 3 1 0 2 0 1 1 1 3 2 2 2 0 1 1 3 3 1 3 2 2 0 1 1 0 2 3 3 1 0 2 3 2 0 0 0 2 
  0.000000   0.000000 1377.890000 (1377.458860)
prob075
time(init) = 0.032341
time(kernel) = 103.692025
len=53: 3 1 3 2 2 0 2 0 0 1 1 3 3 2 2 0 1 0 1 3 1 0 2 3 3 1 0 2 3 2 3 2 0 1 0 2 0 1 1 3 3 3 2 0 0 0 1 3 3 2 0 2 0 
  0.000000   0.000000 103.730000 (103.733359)
prob076
time(init) = 0.032443
time(kernel) = 526.385092
len=56: 1 3 2 2 2 3 1 1 3 1 0 0 2 0 1 3 3 2 0 2 0 2 3 1 0 1 3 2 3 1 3 2 2 0 1 1 3 2 2 0 0 1 3 1 1 3 2 2 0 1 0 1 0 2 2 2 
  0.000000   0.000000 526.500000 (526.426483)
prob077
time(init) = 0.032412
time(kernel) = 106.089456
len=56: 2 2 0 1 3 3 2 0 2 3 1 0 1 3 2 3 2 0 0 1 1 0 2 3 3 3 1 0 1 3 2 0 0 1 3 2 0 0 2 2 3 1 3 3 1 0 0 2 0 1 3 1 0 2 2 2 
  0.000000   0.000000 106.140000 (106.136426)
prob078
time(init) = 0.034846
time(kernel) = 940.123867
len=57: 0 1 0 2 3 2 0 1 1 3 2 2 2 0 1 1 1 3 2 2 2 3 1 1 1 0 2 3 2 0 0 0 2 3 3 1 1 0 2 3 1 3 2 2 0 0 1 0 1 1 3 2 3 2 0 0 2 
  0.000000   0.000000 940.380000 (940.167661)
prob079
time(init) = 0.032408
time(kernel) = 838.343463
len=60: 0 1 3 1 3 1 0 0 2 0 2 3 3 3 1 1 0 0 0 2 2 3 2 0 1 3 3 2 0 1 1 3 2 2 3 1 1 1 0 0 2 0 2 2 3 3 3 1 1 1 0 2 2 3 1 0 0 0 2 2 
  0.000000   0.000000 838.400000 (838.384812)
prob080
time(init) = 0.033118
time(kernel) = 486.010035
len=58: 0 1 1 3 2 0 2 3 1 3 3 1 0 2 2 0 2 3 1 0 1 1 3 2 2 3 2 0 0 0 1 3 3 3 1 1 0 2 2 3 1 0 0 0 1 3 2 0 2 3 3 2 0 1 1 0 2 2 
  0.000000   0.000000 486.150000 (486.052333)
prob081
time(init) = 0.032598
time(kernel) = 361.461835
len=59: 0 1 1 3 2 2 3 1 0 0 2 3 3 3 1 0 0 2 3 1 1 3 1 0 0 0 2 2 3 3 1 0 1 3 2 0 0 2 3 3 1 3 1 0 0 2 3 1 0 0 2 2 3 1 0 2 3 2 0 
  0.000000   0.000000 361.520000 (361.503289)
prob082
time(init) = 0.032397
time(kernel) = 688.809574
len=57: 0 2 3 3 1 0 0 0 2 3 3 3 1 0 0 1 1 3 2 3 2 0 0 1 0 2 2 3 1 3 1 0 0 1 3 3 3 2 0 0 0 1 3 3 3 2 0 2 0 0 1 1 3 2 2 2 0 
  0.000000   0.000000 688.900000 (688.850950)
prob083
time(init) = 0.033380
time(kernel) = 1265.741907
len=56: 1 0 0 2 2 3 3 1 3 1 0 0 2 3 3 2 0 2 0 0 1 1 1 3 2 3 2 2 3 1 0 1 3 2 0 2 0 1 0 1 3 1 0 2 3 3 2 0 0 1 3 3 2 0 0 2 
  0.000000   0.000000 1266.180000 (1265.784287)
prob084
time(init) = 0.032544
time(kernel) = 407.001895
len=58: 0 1 1 0 1 3 2 0 2 3 1 0 1 3 2 3 2 2 3 1 0 0 0 1 3 3 3 2 0 0 2 3 3 1 0 0 1 3 1 3 2 2 0 0 0 1 3 3 2 0 0 2 3 3 1 0 0 2 
  0.000000   0.000000 407.110000 (407.043399)
prob085
