nohup: ignoring input
prob000
time(init) = 0.038481
time(kernel) = 2.948307
len=45: 2 2 2 0 1 1 3 2 0 2 3 1 3 2 0 0 0 1 1 3 1 3 2 2 0 2 3 1 0 0 1 1 3 3 2 2 3 1 0 2 0 1 0 2 2 
  0.000000   0.000000   2.980000 (  2.996017)
prob001
time(init) = 0.034419
time(kernel) = 4.486495
len=42: 1 1 0 1 3 3 2 0 0 2 3 2 0 1 3 3 1 0 0 2 3 2 3 1 1 0 1 0 2 0 2 3 2 0 1 1 1 3 2 2 0 2 
  0.000000   0.000000   4.530000 (  4.530040)
prob002
time(init) = 0.033180
time(kernel) = 2.937043
len=42: 1 1 3 3 3 2 0 2 3 1 0 0 2 3 1 0 1 3 2 2 0 1 1 1 3 2 3 2 0 0 0 1 3 1 0 2 3 3 2 0 0 2 
  0.000000   0.000000   2.980000 (  2.979464)
prob003
time(init) = 0.034329
time(kernel) = 11.533495
len=49: 1 0 2 3 1 1 0 1 3 2 0 1 0 2 2 3 3 1 0 1 0 2 2 0 1 3 2 2 0 1 1 1 3 2 2 3 2 0 1 3 1 1 0 2 0 2 3 2 0 
  0.000000   0.000000  11.580000 ( 11.580486)
prob004
time(init) = 0.032954
time(kernel) = 4.934184
len=41: 3 2 3 1 0 2 2 0 0 1 1 3 2 0 1 3 3 3 2 0 0 2 0 1 1 3 3 3 2 0 0 1 3 1 3 2 2 0 2 0 0 
  0.000000   0.000000   4.980000 (  4.981499)
prob005
time(init) = 0.040215
time(kernel) = 5.628641
len=46: 0 1 3 2 2 3 1 0 0 2 3 3 3 1 0 1 3 1 0 0 2 3 3 1 0 2 3 2 0 0 0 1 3 2 0 2 3 3 1 1 1 0 2 2 2 0 
  0.010000   0.000000   5.680000 (  5.678516)
prob006
time(init) = 0.035360
time(kernel) = 21.361004
len=50: 2 0 1 3 3 2 0 0 1 3 1 1 0 2 2 3 1 3 1 0 0 2 3 3 1 3 2 0 2 3 2 0 0 1 3 1 1 0 2 2 3 3 1 1 0 0 2 2 0 2 
  0.000000   0.000000  21.420000 ( 21.405669)
prob007
time(init) = 0.035461
time(kernel) = 8.140026
len=45: 1 1 3 2 3 2 0 2 3 3 1 0 0 0 2 3 1 1 1 3 2 2 2 0 1 1 0 1 3 3 2 2 0 0 2 3 3 3 1 1 0 0 2 2 0 
  0.000000   0.000000   8.180000 (  8.184751)
prob008
time(init) = 0.035314
time(kernel) = 17.100507
len=44: 2 0 1 3 1 0 0 0 2 3 3 1 0 2 2 3 1 1 1 0 0 2 3 1 3 3 2 2 0 1 3 1 0 2 0 1 0 2 2 3 3 2 0 0 
  0.000000   0.000000  17.140000 ( 17.145002)
prob009
time(init) = 0.035515
time(kernel) = 15.548109
len=49: 2 0 0 1 3 3 2 2 2 0 1 3 1 0 2 3 2 0 1 0 1 1 3 2 3 2 0 0 2 3 1 0 1 1 3 3 2 3 1 0 2 2 3 1 0 0 2 2 0 
  0.000000   0.000000  15.600000 ( 15.593036)
prob010
time(init) = 0.040302
time(kernel) = 5.072621
len=44: 0 0 0 1 1 3 3 3 2 0 2 3 1 0 2 0 1 3 2 2 0 1 1 1 3 3 2 0 0 0 2 2 3 1 0 1 1 3 2 3 2 0 0 2 
  0.000000   0.000000   5.120000 (  5.122323)
prob011
time(init) = 0.036043
time(kernel) = 6.980662
len=53: 3 3 1 0 0 1 3 1 0 0 2 2 3 2 3 3 1 1 0 1 3 2 0 1 0 0 2 3 3 2 3 1 0 1 0 0 2 3 2 2 3 1 1 0 2 0 2 3 3 1 0 0 2 
  0.000000   0.000000   7.020000 (  7.026152)
prob012
time(init) = 0.038336
time(kernel) = 14.343855
len=47: 2 0 2 3 1 0 2 0 1 3 2 3 1 0 1 0 2 2 3 2 3 3 1 1 0 2 2 0 0 1 3 1 1 3 3 2 0 2 2 0 1 3 3 2 0 0 0 
  0.000000   0.000000  14.400000 ( 14.392847)
prob013
time(init) = 0.038608
time(kernel) = 9.529133
len=46: 0 2 0 2 3 3 2 0 1 0 0 2 3 3 1 0 1 0 2 2 3 1 1 1 0 2 3 1 3 3 2 2 0 1 0 1 3 2 3 2 2 0 1 0 0 2 
  0.000000   0.000000   9.580000 (  9.577183)
prob014
time(init) = 0.038608
time(kernel) = 10.090871
len=46: 0 0 2 3 2 3 1 0 1 3 3 2 0 0 0 2 3 3 3 1 0 0 0 2 3 3 1 0 1 0 2 3 1 1 0 2 3 1 3 2 3 2 0 0 2 0 
  0.000000   0.000000  10.130000 ( 10.138788)
prob015
time(init) = 0.034304
time(kernel) = 49.238022
len=50: 3 2 0 2 3 3 1 0 0 1 0 2 2 3 3 3 1 0 2 2 3 1 1 1 0 0 2 3 1 0 2 0 1 3 2 2 2 3 1 1 1 0 2 0 2 2 3 1 0 2 
  0.000000   0.000000  49.280000 ( 49.281697)
prob016
time(init) = 0.035306
time(kernel) = 28.727174
len=45: 0 1 0 0 2 3 2 2 3 1 3 1 0 0 2 0 1 1 3 2 0 2 2 3 3 1 0 2 3 3 1 0 1 1 0 2 2 0 1 1 3 2 2 0 2 
  0.000000   0.000000  28.770000 ( 28.771828)
prob017
time(init) = 0.034853
time(kernel) = 57.012780
len=44: 2 3 3 2 0 0 1 3 1 3 2 0 1 1 3 2 0 1 0 2 3 3 2 3 2 0 1 3 1 1 0 0 0 2 2 3 2 3 1 1 0 0 2 2 
  0.000000   0.000000  57.060000 ( 57.056884)
prob018
time(init) = 0.035303
time(kernel) = 61.027277
len=51: 3 1 3 1 0 0 2 3 1 0 2 2 3 3 2 3 1 0 1 3 2 0 1 0 2 3 2 0 0 1 3 3 1 3 1 0 0 2 2 2 3 1 3 1 1 0 0 2 0 2 2 
  0.000000   0.000000  61.080000 ( 61.071787)
prob019
time(init) = 0.035312
time(kernel) = 63.304303
len=53: 2 3 2 0 0 0 2 3 3 3 1 0 2 0 1 1 3 2 0 1 0 2 3 2 3 1 0 1 1 3 2 3 2 0 0 1 1 3 2 0 1 0 2 3 1 3 3 2 2 0 0 2 0 
  0.000000   0.000000  63.340000 ( 63.348820)
prob020
time(init) = 0.035279
time(kernel) = 45.151927
len=50: 0 2 3 2 3 2 3 1 0 0 2 3 1 1 0 1 3 2 0 0 2 3 2 3 1 1 3 2 0 1 0 0 2 3 3 1 3 1 0 0 0 2 3 1 0 2 2 3 2 0 
  0.010000   0.000000  45.230000 ( 45.196414)
prob021
time(init) = 0.035342
time(kernel) = 72.989992
len=46: 2 3 1 1 1 3 2 0 2 3 1 0 0 0 2 2 3 3 1 0 1 1 0 2 2 2 3 3 3 1 1 0 0 1 0 2 3 1 3 3 2 0 2 2 0 0 
  0.000000   0.000000  73.030000 ( 73.034626)
prob022
time(init) = 0.034562
time(kernel) = 101.981623
len=53: 1 3 1 0 0 2 2 3 2 0 1 1 3 1 3 2 0 2 0 0 1 3 2 0 2 3 1 0 1 1 3 2 3 1 0 2 2 3 3 1 1 0 0 2 2 3 2 3 1 0 2 0 0 
  0.000000   0.000000 102.030000 (102.025543)
prob023
time(init) = 0.036783
time(kernel) = 50.804239
len=53: 1 1 3 2 3 3 2 0 2 0 0 1 1 3 2 0 1 1 3 2 3 2 2 3 1 1 0 1 3 2 0 2 0 2 0 1 1 3 1 3 2 3 2 0 0 2 3 3 1 0 0 0 2 
  0.000000   0.000000  50.860000 ( 50.850270)
prob024
time(init) = 0.034894
time(kernel) = 42.929091
len=50: 0 0 2 3 1 1 0 1 3 2 3 2 2 0 1 1 0 2 2 3 1 3 1 0 1 3 2 0 0 1 3 2 2 0 1 0 1 3 2 3 2 2 0 0 1 1 3 2 2 0 
  0.000000   0.000000  42.970000 ( 42.973360)
prob025
time(init) = 0.034568
time(kernel) = 39.565501
len=52: 0 2 2 3 2 0 1 3 3 2 0 0 1 3 1 1 3 2 0 0 2 3 3 1 3 2 2 0 1 1 1 3 2 2 2 0 1 1 0 1 0 2 3 1 3 3 2 0 2 0 2 0 
  0.000000   0.000000  39.620000 ( 39.609394)
prob026
time(init) = 0.034305
time(kernel) = 142.376623
len=52: 1 1 0 0 2 2 0 1 1 3 2 3 2 2 0 0 1 1 3 2 3 3 1 1 0 2 3 2 2 0 0 1 3 2 0 1 0 1 1 3 2 3 2 3 1 0 2 0 1 0 2 2 
  0.000000   0.000000 142.440000 (142.420165)
prob027
time(init) = 0.034360
time(kernel) = 93.976259
len=42: 2 2 0 0 0 1 1 3 2 2 2 3 1 1 3 1 0 0 2 3 3 1 0 2 3 2 0 0 1 0 1 3 3 2 2 2 0 1 1 0 2 2 
  0.000000   0.000000  94.040000 ( 94.020045)
prob028
time(init) = 0.033415
time(kernel) = 72.761330
len=49: 1 1 3 2 2 2 0 1 3 3 1 0 1 3 2 3 2 2 0 1 1 0 2 2 3 1 3 1 0 1 3 2 0 2 0 1 0 1 3 3 2 0 1 0 2 3 2 2 0 
  0.000000   0.000000  72.800000 ( 72.804143)
prob029
time(init) = 0.034551
time(kernel) = 39.741084
len=55: 1 1 3 3 2 0 0 2 2 3 3 1 1 0 2 2 3 1 3 1 0 0 1 3 2 2 0 1 3 2 3 1 1 0 0 2 0 1 3 3 2 0 0 2 3 3 2 3 1 1 0 0 0 2 2 
  0.000000   0.000000  39.810000 ( 39.790018)
prob030
time(init) = 0.039714
time(kernel) = 83.344491
len=49: 0 1 0 2 3 1 1 1 0 0 2 2 3 1 3 2 0 2 3 1 3 1 0 1 0 0 2 3 2 2 3 1 3 1 1 0 0 2 2 3 1 3 1 0 0 0 2 2 2 
  0.000000   0.000000  83.400000 ( 83.393605)
prob031
time(init) = 0.035424
time(kernel) = 11.800439
len=56: 0 0 1 1 3 3 2 2 3 1 0 2 0 0 1 1 3 3 3 2 2 0 0 1 3 1 1 3 2 2 2 0 1 1 1 0 0 2 2 3 3 1 1 0 2 0 2 3 3 1 3 2 2 0 0 0 
  0.000000   0.000000  11.850000 ( 11.845358)
prob032
time(init) = 0.035337
time(kernel) = 86.679830
len=49: 0 1 3 3 1 3 2 0 1 1 0 0 2 3 2 2 3 1 0 1 3 3 1 0 2 2 3 1 1 0 0 2 2 0 2 3 3 1 0 0 2 3 3 3 1 0 0 0 2 
  0.000000   0.000000  86.730000 ( 86.727424)
prob033
time(init) = 0.037253
time(kernel) = 69.022058
len=49: 0 1 0 2 3 2 3 2 0 0 1 3 2 0 0 1 3 1 3 3 2 0 1 3 1 0 2 3 2 2 0 0 1 0 1 1 3 3 2 0 2 0 1 1 3 2 2 2 0 
  0.000000   0.000000  69.080000 ( 69.068729)
prob034
time(init) = 0.035354
time(kernel) = 89.996824
len=57: 2 2 3 1 3 3 1 0 0 0 2 3 3 2 2 0 1 1 1 0 2 2 3 1 3 2 0 1 3 3 2 0 2 3 1 0 2 0 1 3 1 1 0 2 2 3 1 1 0 2 3 3 2 0 2 0 0 
  0.000000   0.000000  90.040000 ( 90.041484)
prob035
time(init) = 0.034497
time(kernel) = 343.550523
len=49: 2 2 3 1 1 0 2 0 0 2 2 3 1 3 2 3 1 1 0 0 0 1 3 2 2 0 1 1 3 2 3 2 2 3 1 0 0 1 3 3 2 0 2 3 1 0 0 2 0 
  0.000000   0.000000 343.610000 (343.594387)
prob036
time(init) = 0.035268
time(kernel) = 96.497253
len=52: 0 0 2 2 2 3 3 1 0 0 0 2 3 3 1 1 3 2 2 0 1 0 1 0 2 2 3 3 1 3 1 1 0 0 2 2 3 1 1 0 2 0 2 3 3 1 3 2 2 0 0 0 
  0.000000   0.000000  96.560000 ( 96.541786)
prob037
time(init) = 0.035408
time(kernel) = 69.617757
len=56: 0 0 0 2 2 3 1 3 1 0 0 2 3 2 2 3 1 1 0 2 2 3 1 3 1 0 1 0 2 2 3 3 2 0 1 3 1 0 1 0 2 0 2 3 3 3 1 0 1 0 0 2 2 3 2 0 
  0.000000   0.000000  69.670000 ( 69.669207)
prob038
time(init) = 0.038281
time(kernel) = 104.200354
len=54: 1 1 1 3 3 2 2 0 0 1 1 3 2 3 2 3 2 0 0 0 1 1 3 3 3 2 2 0 1 1 0 2 2 3 1 1 1 3 2 2 0 0 0 1 3 1 3 3 2 2 0 0 2 0 
  0.000000   0.000000 104.260000 (104.248049)
prob039
time(init) = 0.035656
time(kernel) = 6.236381
len=47: 0 0 1 3 1 0 2 3 3 2 0 2 0 1 1 3 2 3 1 0 1 3 2 3 1 0 2 0 2 3 3 1 0 2 2 3 1 0 0 2 3 1 1 0 2 0 2 
  0.000000   0.000000   6.280000 (  6.281431)
prob040
time(init) = 0.035336
time(kernel) = 43.219174
len=51: 2 2 3 1 0 0 2 3 3 1 3 2 0 1 1 0 1 3 2 3 2 0 0 1 3 3 1 0 2 2 2 0 1 1 0 2 3 3 3 1 0 0 2 3 1 0 1 0 2 2 2 
  0.000000   0.000000  43.260000 ( 43.263733)
prob041
time(init) = 0.034559
time(kernel) = 200.700035
len=52: 1 3 2 2 2 3 1 1 1 0 2 2 0 1 1 3 2 3 3 2 2 0 0 0 1 3 3 3 2 0 0 1 3 1 0 2 0 1 3 2 3 3 1 1 0 2 3 2 2 0 0 0 
  0.000000   0.000000 200.740000 (200.743905)
prob042
time(init) = 0.035037
time(kernel) = 103.655270
len=52: 0 0 1 1 0 2 3 3 2 2 0 1 0 1 3 2 3 1 3 2 2 0 0 0 1 3 3 1 1 0 2 2 2 3 1 1 1 0 0 2 3 2 3 1 3 2 2 0 1 0 2 0 
  0.000000   0.000000 103.700000 (103.699532)
prob043
time(init) = 0.035524
time(kernel) = 106.438854
len=47: 0 1 3 2 0 0 1 3 2 0 1 1 0 2 2 3 1 0 1 1 3 2 2 0 1 1 3 2 3 2 0 1 3 3 2 2 0 1 1 3 1 0 2 0 0 2 2 
  0.000000   0.000000 106.510000 (106.483727)
prob044
time(init) = 0.035350
time(kernel) = 624.823701
len=50: 3 2 2 0 1 1 3 1 0 2 2 3 3 2 0 0 1 3 3 3 2 0 0 0 1 3 3 1 0 0 2 3 1 1 3 2 3 1 0 2 2 3 1 1 0 2 2 2 0 0 
  0.000000   0.000000 625.040000 (624.868459)
prob045
time(init) = 0.039106
time(kernel) = 139.294964
len=56: 0 1 1 3 2 2 2 0 1 1 3 1 0 2 3 3 1 0 2 2 2 0 1 1 1 3 2 3 3 1 0 0 2 3 2 3 1 0 2 2 3 1 1 1 0 2 2 0 1 1 3 2 2 2 0 0 
  0.000000   0.000000 139.340000 (139.343361)
prob046
time(init) = 0.034232
time(kernel) = 272.119397
len=48: 1 3 2 2 3 1 3 2 0 1 3 1 0 2 3 2 2 0 0 0 1 3 2 3 1 0 1 1 3 2 2 0 1 0 2 3 2 3 3 1 1 0 0 2 3 2 0 0 
  0.000000   0.000000 272.200000 (272.163016)
prob047
time(init) = 0.033654
time(kernel) = 688.013798
len=57: 3 1 0 1 3 3 2 0 2 3 2 0 0 1 3 2 0 1 1 1 3 3 3 2 0 2 0 0 1 3 1 3 3 2 0 2 3 2 0 0 1 1 1 0 2 3 1 3 2 3 2 2 0 0 1 0 2 
  0.000000   0.000000 688.220000 (688.056779)
prob048
time(init) = 0.034870
time(kernel) = 777.881483
len=54: 3 1 0 0 2 0 1 3 2 3 1 0 2 3 2 3 1 0 2 0 2 0 1 3 2 3 3 1 0 0 1 3 2 2 0 1 0 1 3 1 3 2 2 0 0 1 3 3 2 2 0 1 0 2 
  0.000000   0.000000 778.110000 (777.927455)
prob049
time(init) = 0.034821
time(kernel) = 86.801181
len=55: 0 0 0 1 3 1 3 2 0 0 1 3 3 1 0 0 2 3 3 1 3 2 2 0 0 2 3 3 1 0 0 2 3 3 1 0 0 2 0 1 3 1 1 3 3 2 0 0 1 0 2 2 3 2 0 
  0.000000   0.000000  86.860000 ( 86.845308)
prob050
time(init) = 0.035352
time(kernel) = 316.329894
len=55: 0 1 1 0 0 2 3 2 3 1 1 0 1 3 3 2 0 2 3 1 0 0 2 0 1 3 1 0 2 2 3 3 2 3 1 0 1 0 2 2 3 1 1 1 0 2 3 1 3 2 0 0 0 2 2 
  0.000000   0.000000 316.440000 (316.374665)
prob051
time(init) = 0.035163
time(kernel) = 802.564219
len=53: 2 3 3 1 3 2 0 1 0 2 0 1 3 1 0 2 2 3 1 1 1 0 2 2 3 1 1 3 3 2 2 0 1 0 1 3 3 2 0 0 0 1 3 3 3 2 2 2 0 1 0 0 2 
  0.000000   0.000000 802.660000 (802.608598)
prob052
time(init) = 0.035281
time(kernel) = 773.286812
len=54: 3 2 2 0 1 1 3 2 3 2 0 1 3 1 1 0 2 2 3 1 3 1 0 0 2 2 3 3 2 0 0 0 1 1 1 3 2 3 2 3 1 0 2 2 3 1 1 1 0 2 2 2 0 0 
  0.000000   0.000000 773.370000 (773.331459)
prob053
time(init) = 0.033744
time(kernel) = 230.431979
len=54: 0 0 0 2 2 2 3 3 1 1 1 0 0 2 2 3 3 1 3 2 2 0 1 1 1 3 2 0 0 1 3 2 0 2 3 3 1 0 0 0 2 3 3 1 1 0 2 2 0 1 3 2 2 0 
  0.000000   0.000000 230.520000 (230.475074)
prob054
time(init) = 0.033314
time(kernel) = 296.165515
len=52: 0 1 3 1 0 2 2 3 3 1 3 2 0 0 1 3 1 0 2 0 2 3 3 1 3 2 0 2 0 0 1 1 1 3 2 3 1 0 2 2 3 2 3 1 0 0 2 3 1 0 0 2 
  0.000000   0.000000 296.220000 (296.208278)
prob055
time(init) = 0.034279
time(kernel) = 1256.745758
len=51: 3 2 3 3 1 0 2 3 2 0 1 0 2 2 3 1 0 2 3 3 1 1 0 0 2 3 1 1 0 2 0 2 2 3 3 1 1 0 2 3 3 1 0 1 0 2 3 2 0 0 2 
  0.000000   0.000000 1257.160000 (1256.789454)
prob056
time(init) = 0.032957
time(kernel) = 280.062025
len=54: 1 3 3 2 0 2 0 2 3 1 0 1 3 2 0 1 1 3 2 0 2 2 3 1 3 1 0 2 3 3 2 0 0 1 3 3 1 0 1 0 2 0 2 3 3 3 1 0 0 0 2 3 2 0 
  0.000000   0.000000 280.150000 (280.104667)
prob057
time(init) = 0.034518
time(kernel) = 333.627802
len=51: 0 0 1 1 3 3 2 3 2 0 2 0 0 1 1 3 2 3 1 1 3 2 2 2 0 1 0 2 3 1 1 1 0 2 2 0 1 1 3 2 3 2 0 1 3 3 2 0 0 0 2 
  0.000000   0.000000 333.750000 (333.671792)
prob058
time(init) = 0.034829
time(kernel) = 268.865551
len=54: 0 0 1 1 1 3 2 2 3 1 3 1 0 0 2 0 2 3 3 2 0 0 1 3 1 3 3 1 0 2 2 0 1 0 1 3 3 2 2 3 2 0 0 1 3 2 3 1 0 1 0 0 2 2 
  0.000000   0.000000 268.980000 (268.909778)
prob059
time(init) = 0.034554
time(kernel) = 506.845895
len=57: 3 2 0 2 3 1 0 1 3 3 3 2 0 2 3 2 0 0 1 0 2 3 1 3 3 1 0 1 0 2 2 3 1 1 0 2 0 2 3 3 2 0 1 1 0 1 3 2 3 3 1 0 2 2 2 0 0 
  0.000000   0.000000 507.010000 (506.889900)
prob060
time(init) = 0.034774
time(kernel) = 337.385577
len=54: 0 2 2 2 3 1 0 1 3 1 3 2 2 3 1 1 0 2 2 0 0 1 1 3 3 2 2 2 0 1 3 3 1 1 0 2 0 2 0 1 3 2 3 3 2 0 1 3 1 0 0 2 2 0 
  0.000000   0.010000 337.530000 (337.429832)
prob061
time(init) = 0.034727
time(kernel) = 616.284189
len=52: 0 2 3 1 3 2 3 1 0 2 0 1 3 3 1 1 0 0 2 2 0 1 3 2 3 3 1 1 0 0 2 2 3 3 1 0 1 0 0 2 2 3 2 3 1 3 2 0 1 0 0 2 
  0.000000   0.000000 616.480000 (616.328276)
prob062
time(init) = 0.033844
time(kernel) = 1398.811684
len=54: 3 3 2 0 1 0 2 3 2 2 3 1 0 2 0 0 1 3 1 3 2 2 0 0 1 3 1 3 2 3 1 1 0 0 2 0 1 3 3 2 0 0 2 3 3 3 1 0 2 3 2 0 0 0 
  0.000000   0.000000 1399.200000 (1398.864943)
prob063
time(init) = 0.037763
time(kernel) = 237.072310
len=64: 0 0 0 2 2 2 3 1 1 3 1 0 0 2 3 2 3 2 3 1 1 1 0 0 0 2 2 3 3 1 0 2 2 3 1 0 2 3 3 1 1 1 0 0 2 0 1 3 2 2 0 2 3 3 3 1 1 1 0 0 2 2 2 0 
  0.000000   0.000000 237.180000 (237.119692)
prob064
time(init) = 0.034718
time(kernel) = 2069.585809
len=52: 2 2 2 0 0 1 3 1 1 0 0 2 3 1 0 2 2 2 3 1 1 3 3 2 0 2 0 1 1 3 1 0 2 0 1 3 2 3 3 2 0 1 3 1 0 0 2 0 2 3 2 0 
  0.000000   0.000000 2070.160000 (2069.630083)
prob065
time(init) = 0.033050
time(kernel) = 739.208342
len=57: 0 1 3 2 3 3 1 1 0 2 0 1 0 2 2 3 1 1 1 3 2 2 2 3 1 1 0 1 3 2 0 2 2 0 1 0 1 3 3 1 0 2 2 3 1 0 0 2 3 3 2 0 1 1 0 2 2 
  0.000000   0.000000 739.440000 (739.256625)
prob066
time(init) = 0.037391
time(kernel) = 1289.133646
len=56: 2 3 1 3 1 3 2 2 2 0 0 1 1 3 1 0 0 2 3 2 3 1 0 1 0 2 2 3 3 2 0 0 1 3 1 3 2 3 2 0 0 1 3 3 1 1 0 0 2 2 3 3 2 0 0 0 
  0.000000   0.000000 1289.500000 (1289.180407)
prob067
time(init) = 0.034479
time(kernel) = 204.375243
len=50: 1 0 2 3 2 3 1 1 0 0 2 3 3 3 1 0 0 1 3 3 2 2 2 0 0 0 1 1 3 2 3 2 0 0 1 3 1 1 3 2 2 0 1 3 3 2 2 0 0 0 
  0.000000   0.000000 204.430000 (204.419105)
prob068
time(init) = 0.035426
time(kernel) = 907.880433
len=52: 0 2 3 3 1 1 0 1 0 2 3 2 0 1 3 1 3 2 3 2 0 0 1 1 3 2 2 0 2 3 1 3 1 0 0 2 0 1 3 1 3 3 2 2 0 1 3 2 2 0 0 0 
  0.000000   0.000000 908.140000 (907.925261)
prob069
time(init) = 0.035697
time(kernel) = 1942.379959
len=50: 2 2 0 0 1 1 3 1 3 2 3 1 0 0 2 2 2 3 3 1 1 0 1 0 2 2 0 1 1 3 2 0 2 3 1 3 2 2 0 1 1 3 2 3 1 0 0 0 2 2 
  0.000000   0.000000 1943.010000 (1942.425062)
prob070
time(init) = 0.035331
time(kernel) = 824.862536
len=57: 3 2 2 2 0 1 1 1 0 2 2 3 1 3 2 2 0 1 0 2 0 1 1 3 3 1 0 0 2 3 1 3 3 2 0 0 2 0 2 3 3 1 3 1 0 2 0 0 2 3 3 3 1 0 0 0 2 
  0.000000   0.000000 825.020000 (824.907177)
prob071
time(init) = 0.035612
time(kernel) = 581.386364
len=55: 0 1 1 1 3 2 3 3 2 0 0 2 3 1 0 1 3 2 0 0 1 3 1 3 3 2 0 0 1 3 3 2 0 2 0 0 1 1 3 2 2 2 0 1 1 1 3 2 3 2 3 2 0 0 0 
  0.000000   0.000000 581.570000 (581.431357)
prob072
time(init) = 0.035607
time(kernel) = 1097.186466
len=53: 0 1 3 3 2 3 2 0 2 3 1 0 0 1 3 3 2 0 0 2 0 1 3 1 1 3 2 0 0 2 3 2 3 1 3 1 0 0 2 3 3 1 0 0 1 3 3 2 0 0 2 0 2 
  0.000000   0.000000 1097.510000 (1097.231624)
prob073
time(init) = 0.036285
time(kernel) = 829.002532
len=54: 1 3 1 1 0 2 2 2 3 1 0 1 3 1 3 2 0 2 3 3 2 0 1 1 3 2 0 1 3 1 0 0 2 0 2 2 3 3 3 1 0 0 1 3 3 1 0 0 2 3 2 0 0 2 
  0.000000   0.000000 829.080000 (829.048201)
prob074
time(init) = 0.035499
time(kernel) = 4228.722657
len=59: 1 1 0 2 2 3 1 0 0 0 1 3 2 2 0 1 1 1 3 2 2 2 3 1 0 2 0 1 1 1 3 2 2 2 0 1 1 3 3 1 3 2 2 0 1 1 0 2 3 3 1 0 2 3 2 0 0 0 2 
  0.000000   0.010000 4229.820000 (4228.772324)
prob075
time(init) = 0.038201
time(kernel) = 318.386704
len=53: 3 1 3 2 2 0 2 0 0 1 1 3 3 2 2 0 1 0 1 3 1 0 2 3 3 1 0 2 3 2 3 2 0 1 0 2 0 1 1 3 3 3 2 0 0 0 1 3 3 2 0 2 0 
  0.000000   0.000000 318.430000 (318.434301)
prob076
time(init) = 0.034521
time(kernel) = 1616.048017
len=56: 1 3 2 2 2 3 1 1 3 1 0 0 2 0 1 3 3 2 0 2 0 2 3 1 0 1 3 2 3 1 3 2 2 0 1 1 3 2 2 0 0 1 3 1 1 3 2 2 0 1 0 1 0 2 2 2 
  0.000000   0.000000 1616.100000 (1616.094059)
prob077
time(init) = 0.034602
time(kernel) = 325.654431
len=56: 2 2 0 1 3 3 2 0 2 3 1 0 1 3 2 3 2 0 0 1 1 0 2 3 3 3 1 0 1 3 2 0 0 1 3 2 0 0 2 2 3 1 3 3 1 0 0 2 0 1 3 1 0 2 2 2 
  0.000000   0.000000 325.700000 (325.698520)
prob078
time(init) = 0.036714
time(kernel) = 2885.432677
len=57: 0 1 0 2 3 2 0 1 1 3 2 2 2 0 1 1 1 3 2 2 2 3 1 1 1 0 2 3 2 0 0 0 2 3 3 1 1 0 2 3 1 3 2 2 0 0 1 0 1 1 3 2 3 2 0 0 2 
  0.000000   0.000000 2886.280000 (2885.478823)
prob079
time(init) = 0.035389
time(kernel) = 2572.781322
len=60: 0 1 3 1 3 1 0 0 2 0 2 3 3 3 1 1 0 0 0 2 2 3 2 0 1 3 3 2 0 1 1 3 2 2 3 1 1 1 0 0 2 0 2 2 3 3 3 1 1 1 0 2 2 3 1 0 0 0 2 2 
  0.000000   0.000000 2573.370000 (2572.826160)
prob080
time(init) = 0.035402
time(kernel) = 1491.650078
len=58: 0 1 1 3 2 0 2 3 1 3 3 1 0 2 2 0 2 3 1 0 1 1 3 2 2 3 2 0 0 0 1 3 3 3 1 1 0 2 2 3 1 0 0 0 1 3 2 0 2 3 3 2 0 1 1 0 2 2 
  0.000000   0.000000 1492.060000 (1491.695164)
prob081
time(init) = 0.037727
time(kernel) = 1109.661929
len=59: 0 1 1 3 2 2 3 1 0 0 2 3 3 3 1 0 0 2 3 1 1 3 1 0 0 0 2 2 3 3 1 0 1 3 2 0 0 2 3 3 1 3 1 0 0 2 3 1 0 0 2 2 3 1 0 2 3 2 0 
  0.000000   0.000000 1109.710000 (1109.708987)
prob082
time(init) = 0.034502
time(kernel) = 2114.453123
len=57: 0 2 3 3 1 0 0 0 2 3 3 3 1 0 0 1 1 3 2 3 2 0 0 1 0 2 2 3 1 3 1 0 0 1 3 3 3 2 0 0 0 1 3 3 3 2 0 2 0 0 1 1 3 2 2 2 0 
  0.000000   0.000000 2115.060000 (2114.497074)
prob083
time(init) = 0.034457
time(kernel) = 3887.458323
len=56: 1 0 0 2 2 3 3 1 3 1 0 0 2 3 3 2 0 2 0 0 1 1 1 3 2 3 2 2 3 1 0 1 3 2 0 2 0 1 0 1 3 1 0 2 3 3 2 0 0 1 3 3 2 0 0 2 
  0.000000   0.000000 3888.410000 (3887.502138)
prob084
time(init) = 0.034424
time(kernel) = 1248.979001
len=58: 0 1 1 0 1 3 2 0 2 3 1 0 1 3 2 3 2 2 3 1 0 0 0 1 3 3 3 2 0 0 2 3 3 1 0 0 1 3 1 3 2 2 0 0 0 1 3 3 2 0 0 2 3 3 1 0 0 2 
  0.000000   0.000000 1249.220000 (1249.024056)
prob085
time(init) = 0.035293
time(kernel) = 3622.496766
len=59: 2 3 2 0 0 0 1 3 1 3 2 2 0 2 0 1 3 2 3 3 1 0 0 1 3 3 2 0 0 0 2 3 3 1 0 0 1 1 3 2 3 3 2 0 0 0 1 3 2 0 2 3 1 1 1 0 2 2 2 
  0.000000   0.000000 3623.570000 (3622.541484)
prob086
time(init) = 0.034321
time(kernel) = 5534.011122
len=56: 0 2 2 2 3 1 3 1 0 1 3 2 0 0 1 3 2 0 2 3 3 1 3 1 0 0 2 0 2 3 1 3 3 1 0 0 2 0 1 3 2 3 2 3 2 0 1 0 2 3 1 3 2 0 0 0 
  0.000000   0.000000 5534.940000 (5534.054901)
prob087
time(init) = 0.035721
time(kernel) = 6328.506271
len=59: 1 0 0 2 0 2 3 3 2 3 1 1 0 2 2 0 0 1 3 1 3 1 0 2 3 2 2 3 1 1 1 0 2 2 0 2 3 1 3 1 1 0 2 0 2 2 0 1 1 1 3 2 2 0 1 3 2 2 0 
  0.000000   0.000000 6329.860000 (6328.551284)
prob088
time(init) = 0.035290
time(kernel) = 5939.755933
len=57: 0 1 3 1 3 2 2 3 1 1 1 0 2 3 2 0 0 2 3 1 1 0 1 0 2 2 3 3 3 2 0 0 1 1 0 2 2 3 1 3 1 0 1 3 2 0 2 3 1 3 1 0 0 0 2 2 2 
  0.000000   0.000000 5941.320000 (5939.800685)
prob089
time(init) = 0.034511
time(kernel) = 3065.617830
len=59: 0 2 2 2 3 1 1 1 0 2 2 3 1 0 0 2 3 3 3 2 0 0 0 1 3 2 3 1 3 1 0 2 0 1 3 2 2 0 1 3 3 1 0 1 0 2 0 1 3 2 2 3 2 0 0 1 3 2 0 
  0.000000   0.000000 3066.400000 (3065.661802)
prob090
time(init) = 0.035545
time(kernel) = 6257.421509
len=55: 0 0 2 2 3 1 0 2 3 3 1 0 1 3 2 3 1 0 2 3 2 2 0 1 1 0 2 2 3 1 1 0 2 0 1 1 3 2 0 2 2 3 1 1 0 2 3 3 1 1 0 0 2 2 2 
  0.000000   0.000000 6258.820000 (6257.466518)
prob091
time(init) = 0.034530
time(kernel) = 6739.962825
len=57: 0 2 2 3 1 1 3 1 3 2 2 2 0 1 0 1 0 2 2 3 1 3 3 1 0 0 1 3 2 0 0 1 3 2 0 2 3 3 3 1 1 0 0 2 0 2 3 3 3 1 1 0 2 0 0 2 2 
  0.000000   0.000000 6741.960000 (6740.006578)
prob092
time(init) = 0.034015
time(kernel) = 3223.437022
len=62: 2 0 0 0 2 3 2 0 1 3 3 3 1 0 2 2 3 1 0 2 0 1 1 3 1 0 0 2 3 1 0 2 2 3 1 3 2 0 2 0 1 1 3 3 3 2 2 0 1 1 3 1 0 0 2 3 3 2 2 0 0 0 
  0.000000   0.000000 3224.080000 (3223.480401)
prob093
time(init) = 0.033751
time(kernel) = 9234.719891
len=59: 1 3 1 0 2 2 2 3 1 1 1 0 2 2 2 3 1 1 3 3 2 2 0 0 1 1 3 3 1 0 2 3 2 0 1 0 1 3 3 2 2 2 0 1 3 1 0 2 0 1 0 1 3 3 2 0 2 0 2 
  0.000000   0.000000 9236.900000 (9234.763105)
prob094
time(init) = 0.035482
time(kernel) = 2557.772298
len=64: 0 0 1 1 1 3 3 3 2 2 2 0 0 0 1 3 3 3 2 0 0 0 1 3 1 3 2 2 0 1 1 3 1 0 2 0 1 3 3 3 2 2 2 0 1 1 0 0 2 3 3 1 1 3 2 2 0 1 0 2 3 2 0 0 
  0.000000   0.000000 2558.020000 (2557.817276)
prob095
time(init) = 0.035522
time(kernel) = 4519.213623
len=66: 2 2 3 3 1 1 3 1 0 0 0 2 3 1 0 2 2 2 3 1 1 0 2 2 3 3 1 3 2 0 0 1 3 3 1 1 0 0 2 0 2 3 3 2 3 1 1 1 0 0 2 2 3 3 1 1 0 0 0 2 3 1 0 2 2 2 
  0.000000   0.000000 4519.990000 (4519.258463)
prob096
time(init) = 0.032876
time(kernel) = 18707.037424
len=66: 0 2 0 0 2 3 1 1 0 2 2 2 3 1 1 3 2 2 0 1 1 1 0 2 2 2 3 1 1 3 2 3 1 1 0 0 2 0 2 3 3 3 1 1 0 2 0 2 3 3 2 0 0 1 3 3 1 1 0 2 2 3 2 0 0 0 
  0.000000   0.000000 18710.310000 (18707.079872)
prob097
time(init) = 0.032337
time(kernel) = 8151.274778
len=61: 0 1 0 1 3 2 0 2 2 3 1 3 1 0 0 2 2 3 3 1 1 3 1 0 0 0 2 2 3 1 3 3 2 0 0 1 3 3 1 0 0 0 2 3 3 2 2 3 1 1 1 0 0 2 3 2 2 0 1 0 2 
  0.000000   0.000000 8152.470000 (8151.316303)
prob098
