nohup: ignoring input
prob000
time(init) = 0.036950
time(kernel) = 3.829680
len=45: 2 2 2 0 1 1 3 2 0 2 3 1 3 2 0 0 0 1 1 3 1 3 2 2 0 2 3 1 0 0 1 1 3 3 2 2 3 1 0 2 0 1 0 2 2 
  0.000000   0.000000   3.870000 (  3.875435)
prob001
time(init) = 0.032893
time(kernel) = 5.840069
len=42: 1 1 0 1 3 3 2 0 0 2 3 2 0 1 3 3 1 0 0 2 3 2 3 1 1 0 1 0 2 0 2 3 2 0 1 1 1 3 2 2 0 2 
  0.000000   0.000000   5.870000 (  5.881874)
prob002
time(init) = 0.032820
time(kernel) = 3.806699
len=42: 1 1 3 3 3 2 0 2 3 1 0 0 2 3 1 0 1 3 2 2 0 1 1 1 3 2 3 2 0 0 0 1 3 1 0 2 3 3 2 0 0 2 
  0.000000   0.000000   3.850000 (  3.848303)
prob003
time(init) = 0.031360
time(kernel) = 14.974825
len=49: 1 0 2 3 1 1 0 1 3 2 0 1 0 2 2 3 3 1 0 1 0 2 2 0 1 3 2 2 0 1 1 1 3 2 2 3 2 0 1 3 1 1 0 2 0 2 3 2 0 
  0.000000   0.000000  15.020000 ( 15.015190)
prob004
time(init) = 0.033147
time(kernel) = 6.407030
len=41: 3 2 3 1 0 2 2 0 0 1 1 3 2 0 1 3 3 3 2 0 0 2 0 1 1 3 3 3 2 0 0 1 3 1 3 2 2 0 2 0 0 
  0.000000   0.000000   6.440000 (  6.449328)
prob005
time(init) = 0.031872
time(kernel) = 7.306748
len=46: 0 1 3 2 2 3 1 0 0 2 3 3 3 1 0 1 3 1 0 0 2 3 3 1 0 2 3 2 0 0 0 1 3 2 0 2 3 3 1 1 1 0 2 2 2 0 
  0.000000   0.000000   7.350000 (  7.347579)
prob006
time(init) = 0.032874
time(kernel) = 27.879310
len=50: 2 0 1 3 3 2 0 0 1 3 1 1 0 2 2 3 1 3 1 0 0 2 3 3 1 3 2 0 2 3 2 0 0 1 3 1 1 0 2 2 3 3 1 1 0 0 2 2 0 2 
  0.000000   0.000000  27.920000 ( 27.921303)
prob007
time(init) = 0.032110
time(kernel) = 10.553434
len=45: 1 1 3 2 3 2 0 2 3 3 1 0 0 0 2 3 1 1 1 3 2 2 2 0 1 1 0 1 3 3 2 2 0 0 2 3 3 3 1 1 0 0 2 2 0 
  0.000000   0.000000  10.600000 ( 10.594572)
prob008
time(init) = 0.033003
time(kernel) = 22.194334
len=44: 2 0 1 3 1 0 0 0 2 3 3 1 0 2 2 3 1 1 1 0 0 2 3 1 3 3 2 2 0 1 3 1 0 2 0 1 0 2 2 3 3 2 0 0 
  0.000000   0.000000  22.240000 ( 22.236454)
prob009
time(init) = 0.032897
time(kernel) = 20.217762
len=49: 2 0 0 1 3 3 2 2 2 0 1 3 1 0 2 3 2 0 1 0 1 1 3 2 3 2 0 0 2 3 1 0 1 1 3 3 2 3 1 0 2 2 3 1 0 0 2 2 0 
  0.000000   0.000000  20.260000 ( 20.259559)
prob010
time(init) = 0.032668
time(kernel) = 6.588251
len=44: 0 0 0 1 1 3 3 3 2 0 2 3 1 0 2 0 1 3 2 2 0 1 1 1 3 3 2 0 0 0 2 2 3 1 0 1 1 3 2 3 2 0 0 2 
  0.000000   0.000000   6.630000 (  6.629868)
prob011
time(init) = 0.033124
time(kernel) = 9.087403
len=53: 3 3 1 0 0 1 3 1 0 0 2 2 3 2 3 3 1 1 0 1 3 2 0 1 0 0 2 3 3 2 3 1 0 1 0 0 2 3 2 2 3 1 1 0 2 0 2 3 3 1 0 0 2 
  0.000000   0.000000   9.130000 (  9.129534)
prob012
time(init) = 0.032201
time(kernel) = 18.674293
len=47: 2 0 2 3 1 0 2 0 1 3 2 3 1 0 1 0 2 2 3 2 3 3 1 1 0 2 2 0 0 1 3 1 1 3 3 2 0 2 2 0 1 3 3 2 0 0 0 
  0.000000   0.000000  18.710000 ( 18.715564)
prob013
time(init) = 0.033174
time(kernel) = 12.369236
len=46: 0 2 0 2 3 3 2 0 1 0 0 2 3 3 1 0 1 0 2 2 3 1 1 1 0 2 3 1 3 3 2 2 0 1 0 1 3 2 3 2 2 0 1 0 0 2 
  0.000000   0.000000  12.410000 ( 12.411493)
prob014
time(init) = 0.031393
time(kernel) = 13.114560
len=46: 0 0 2 3 2 3 1 0 1 3 3 2 0 0 0 2 3 3 3 1 0 0 0 2 3 3 1 0 1 0 2 3 1 1 0 2 3 1 3 2 3 2 0 0 2 0 
  0.000000   0.000000  13.160000 ( 13.155141)
prob015
time(init) = 0.033182
time(kernel) = 64.095351
len=50: 3 2 0 2 3 3 1 0 0 1 0 2 2 3 3 3 1 0 2 2 3 1 1 1 0 0 2 3 1 0 2 0 1 3 2 2 2 3 1 1 1 0 2 0 2 2 3 1 0 2 
  0.000000   0.000000  64.150000 ( 64.137572)
prob016
time(init) = 0.031790
time(kernel) = 37.278527
len=45: 0 1 0 0 2 3 2 2 3 1 3 1 0 0 2 0 1 1 3 2 0 2 2 3 3 1 0 2 3 3 1 0 1 1 0 2 2 0 1 1 3 2 2 0 2 
  0.000000   0.000000  37.320000 ( 37.319514)
prob017
time(init) = 0.033052
time(kernel) = 74.018271
len=44: 2 3 3 2 0 0 1 3 1 3 2 0 1 1 3 2 0 1 0 2 3 3 2 3 2 0 1 3 1 1 0 0 0 2 2 3 2 3 1 1 0 0 2 2 
  0.000000   0.000000  74.070000 ( 74.060372)
prob018
time(init) = 0.032140
time(kernel) = 79.259480
len=51: 3 1 3 1 0 0 2 3 1 0 2 2 3 3 2 3 1 0 1 3 2 0 1 0 2 3 2 0 0 1 3 3 1 3 1 0 0 2 2 2 3 1 3 1 1 0 0 2 0 2 2 
  0.000000   0.010000  79.320000 ( 79.300625)
prob019
time(init) = 0.033062
time(kernel) = 82.582677
len=53: 2 3 2 0 0 0 2 3 3 3 1 0 2 0 1 1 3 2 0 1 0 2 3 2 3 1 0 1 1 3 2 3 2 0 0 1 1 3 2 0 1 0 2 3 1 3 3 2 2 0 0 2 0 
  0.000000   0.000000  82.640000 ( 82.624816)
prob020
time(init) = 0.032798
time(kernel) = 58.762624
len=50: 0 2 3 2 3 2 3 1 0 0 2 3 1 1 0 1 3 2 0 0 2 3 2 3 1 1 3 2 0 1 0 0 2 3 3 1 3 1 0 0 0 2 3 1 0 2 2 3 2 0 
  0.000000   0.000000  58.810000 ( 58.804383)
prob021
time(init) = 0.033027
time(kernel) = 94.979608
len=46: 2 3 1 1 1 3 2 0 2 3 1 0 0 0 2 2 3 3 1 0 1 1 0 2 2 2 3 3 3 1 1 0 0 1 0 2 3 1 3 3 2 0 2 2 0 0 
  0.000000   0.000000  95.020000 ( 95.021657)
prob022
time(init) = 0.032894
time(kernel) = 133.250825
len=53: 1 3 1 0 0 2 2 3 2 0 1 1 3 1 3 2 0 2 0 0 1 3 2 0 2 3 1 0 1 1 3 2 3 1 0 2 2 3 3 1 1 0 0 2 2 3 2 3 1 0 2 0 0 
  0.000000   0.000000 133.330000 (133.292673)
prob023
time(init) = 0.033102
time(kernel) = 66.222161
len=53: 1 1 3 2 3 3 2 0 2 0 0 1 1 3 2 0 1 1 3 2 3 2 2 3 1 1 0 1 3 2 0 2 0 2 0 1 1 3 1 3 2 3 2 0 0 2 3 3 1 0 0 0 2 
  0.000000   0.000000  66.260000 ( 66.264393)
prob024
time(init) = 0.033021
time(kernel) = 55.974725
len=50: 0 0 2 3 1 1 0 1 3 2 3 2 2 0 1 1 0 2 2 3 1 3 1 0 1 3 2 0 0 1 3 2 2 0 1 0 1 3 2 3 2 2 0 0 1 1 3 2 2 0 
  0.000000   0.000000  56.030000 ( 56.016813)
prob025
time(init) = 0.033644
time(kernel) = 51.721377
len=52: 0 2 2 3 2 0 1 3 3 2 0 0 1 3 1 1 3 2 0 0 2 3 3 1 3 2 2 0 1 1 1 3 2 2 2 0 1 1 0 1 0 2 3 1 3 3 2 0 2 0 2 0 
  0.000000   0.000000  51.780000 ( 51.764619)
prob026
time(init) = 0.033834
time(kernel) = 184.891156
len=52: 1 1 0 0 2 2 0 1 1 3 2 3 2 2 0 0 1 1 3 2 3 3 1 1 0 2 3 2 2 0 0 1 3 2 0 1 0 1 1 3 2 3 2 3 1 0 2 0 1 0 2 2 
  0.000000   0.000000 184.960000 (184.934098)
prob027
time(init) = 0.032865
time(kernel) = 121.652597
len=42: 2 2 0 0 0 1 1 3 2 2 2 3 1 1 3 1 0 0 2 3 3 1 0 2 3 2 0 0 1 0 1 3 3 2 2 2 0 1 1 0 2 2 
  0.000000   0.000000 121.710000 (121.694473)
prob028
time(init) = 0.033187
time(kernel) = 94.564997
len=49: 1 1 3 2 2 2 0 1 3 3 1 0 1 3 2 3 2 2 0 1 1 0 2 2 3 1 3 1 0 1 3 2 0 2 0 1 0 1 3 3 2 0 1 0 2 3 2 2 0 
  0.000000   0.000000  94.610000 ( 94.607222)
prob029
time(init) = 0.033068
time(kernel) = 51.928753
len=55: 1 1 3 3 2 0 0 2 2 3 3 1 1 0 2 2 3 1 3 1 0 0 1 3 2 2 0 1 3 2 3 1 1 0 0 2 0 1 3 3 2 0 0 2 3 3 2 3 1 1 0 0 0 2 2 
  0.000000   0.000000  51.970000 ( 51.970851)
prob030
time(init) = 0.032903
time(kernel) = 108.192208
len=49: 0 1 0 2 3 1 1 1 0 0 2 2 3 1 3 2 0 2 3 1 3 1 0 1 0 0 2 3 2 2 3 1 3 1 1 0 0 2 2 3 1 3 1 0 0 0 2 2 2 
  0.000000   0.000000 108.250000 (108.234174)
prob031
time(init) = 0.032942
time(kernel) = 15.376740
len=56: 0 0 1 1 3 3 2 2 3 1 0 2 0 0 1 1 3 3 3 2 2 0 0 1 3 1 1 3 2 2 2 0 1 1 1 0 0 2 2 3 3 1 1 0 2 0 2 3 3 1 3 2 2 0 0 0 
  0.000000   0.000000  15.430000 ( 15.418785)
prob032
time(init) = 0.032383
time(kernel) = 112.847461
len=49: 0 1 3 3 1 3 2 0 1 1 0 0 2 3 2 2 3 1 0 1 3 3 1 0 2 2 3 1 1 0 0 2 2 0 2 3 3 1 0 0 2 3 3 3 1 0 0 0 2 
  0.000000   0.000000 112.900000 (112.888920)
prob033
time(init) = 0.033092
time(kernel) = 89.715555
len=49: 0 1 0 2 3 2 3 2 0 0 1 3 2 0 0 1 3 1 3 3 2 0 1 3 1 0 2 3 2 2 0 0 1 0 1 1 3 3 2 0 2 0 1 1 3 2 2 2 0 
  0.000000   0.000000  89.770000 ( 89.757756)
prob034
time(init) = 0.032441
time(kernel) = 117.273482
len=57: 2 2 3 1 3 3 1 0 0 0 2 3 3 2 2 0 1 1 1 0 2 2 3 1 3 2 0 1 3 3 2 0 2 3 1 0 2 0 1 3 1 1 0 2 2 3 1 1 0 2 3 3 2 0 2 0 0 
  0.000000   0.000000 117.320000 (117.315035)
prob035
time(init) = 0.033025
time(kernel) = 445.448562
len=49: 2 2 3 1 1 0 2 0 0 2 2 3 1 3 2 3 1 1 0 0 0 1 3 2 2 0 1 1 3 2 3 2 2 3 1 0 0 1 3 3 2 0 2 3 1 0 0 2 0 
  0.000000   0.000000 445.570000 (445.491946)
prob036
time(init) = 0.032070
time(kernel) = 125.442273
len=52: 0 0 2 2 2 3 3 1 0 0 0 2 3 3 1 1 3 2 2 0 1 0 1 0 2 2 3 3 1 3 1 1 0 0 2 2 3 1 1 0 2 0 2 3 3 1 3 2 2 0 0 0 
  0.000000   0.000000 125.500000 (125.483382)
prob037
time(init) = 0.033787
time(kernel) = 90.900317
len=56: 0 0 0 2 2 3 1 3 1 0 0 2 3 2 2 3 1 1 0 2 2 3 1 3 1 0 1 0 2 2 3 3 2 0 1 3 1 0 1 0 2 0 2 3 3 3 1 0 1 0 0 2 2 3 2 0 
  0.000000   0.000000  90.940000 ( 90.943908)
prob038
time(init) = 0.033160
time(kernel) = 136.040937
len=54: 1 1 1 3 3 2 2 0 0 1 1 3 2 3 2 3 2 0 0 0 1 1 3 3 3 2 2 0 1 1 0 2 2 3 1 1 1 3 2 2 0 0 0 1 3 1 3 3 2 2 0 0 2 0 
  0.000000   0.000000 136.090000 (136.083112)
prob039
time(init) = 0.033752
time(kernel) = 8.105081
len=47: 0 0 1 3 1 0 2 3 3 2 0 2 0 1 1 3 2 3 1 0 1 3 2 3 1 0 2 0 2 3 3 1 0 2 2 3 1 0 0 2 3 1 1 0 2 0 2 
  0.000000   0.000000   8.150000 (  8.147757)
prob040
time(init) = 0.032951
time(kernel) = 56.371115
len=51: 2 2 3 1 0 0 2 3 3 1 3 2 0 1 1 0 1 3 2 3 2 0 0 1 3 3 1 0 2 2 2 0 1 1 0 2 3 3 3 1 0 0 2 3 1 0 1 0 2 2 2 
  0.000000   0.000000  56.400000 ( 56.413234)
prob041
time(init) = 0.033771
time(kernel) = 261.503200
len=52: 1 3 2 2 2 3 1 1 1 0 2 2 0 1 1 3 2 3 3 2 2 0 0 0 1 3 3 3 2 0 0 1 3 1 0 2 0 1 3 2 3 3 1 1 0 2 3 2 2 0 0 0 
  0.000000   0.000000 261.550000 (261.546103)
prob042
time(init) = 0.032966
time(kernel) = 134.830892
len=52: 0 0 1 1 0 2 3 3 2 2 0 1 0 1 3 2 3 1 3 2 2 0 0 0 1 3 3 1 1 0 2 2 2 3 1 1 1 0 0 2 3 2 3 1 3 2 2 0 1 0 2 0 
  0.000000   0.000000 134.890000 (134.872946)
prob043
time(init) = 0.033692
time(kernel) = 138.146810
len=47: 0 1 3 2 0 0 1 3 2 0 1 1 0 2 2 3 1 0 1 1 3 2 2 0 1 1 3 2 3 2 0 1 3 3 2 2 0 1 1 3 1 0 2 0 0 2 2 
  0.000000   0.000000 138.190000 (138.189527)
prob044
time(init) = 0.033696
time(kernel) = 811.176001
len=50: 3 2 2 0 1 1 3 1 0 2 2 3 3 2 0 0 1 3 3 3 2 0 0 0 1 3 3 1 0 0 2 3 1 1 3 2 3 1 0 2 2 3 1 1 0 2 2 2 0 0 
  0.000000   0.000000 811.180000 (811.219047)
prob045
time(init) = 0.034345
time(kernel) = 181.616071
len=56: 0 1 1 3 2 2 2 0 1 1 3 1 0 2 3 3 1 0 2 2 2 0 1 1 1 3 2 3 3 1 0 0 2 3 2 3 1 0 2 2 3 1 1 1 0 2 2 0 1 1 3 2 2 2 0 0 
  0.000000   0.000000 181.650000 (181.659460)
prob046
time(init) = 0.033270
time(kernel) = 352.624168
len=48: 1 3 2 2 3 1 3 2 0 1 3 1 0 2 3 2 2 0 0 0 1 3 2 3 1 0 1 1 3 2 2 0 1 0 2 3 2 3 3 1 1 0 0 2 3 2 0 0 
  0.000000   0.000000 352.670000 (352.666546)
prob047
time(init) = 0.032545
time(kernel) = 896.874491
len=57: 3 1 0 1 3 3 2 0 2 3 2 0 0 1 3 2 0 1 1 1 3 3 3 2 0 2 0 0 1 3 1 3 3 2 0 2 3 2 0 0 1 1 1 0 2 3 1 3 2 3 2 2 0 0 1 0 2 
  0.000000   0.000000 897.030000 (896.916025)
prob048
time(init) = 0.031956
time(kernel) = 1011.416137
len=54: 3 1 0 0 2 0 1 3 2 3 1 0 2 3 2 3 1 0 2 0 2 0 1 3 2 3 3 1 0 0 1 3 2 2 0 1 0 1 3 1 3 2 2 0 0 1 3 3 2 2 0 1 0 2 
  0.000000   0.000000 1011.610000 (1011.457133)
prob049
time(init) = 0.032915
time(kernel) = 113.326259
len=55: 0 0 0 1 3 1 3 2 0 0 1 3 3 1 0 0 2 3 3 1 3 2 2 0 0 2 3 3 1 0 0 2 3 3 1 0 0 2 0 1 3 1 1 3 3 2 0 0 1 0 2 2 3 2 0 
  0.000000   0.000000 113.380000 (113.368314)
prob050
time(init) = 0.031476
time(kernel) = 412.801171
len=55: 0 1 1 0 0 2 3 2 3 1 1 0 1 3 3 2 0 2 3 1 0 0 2 0 1 3 1 0 2 2 3 3 2 3 1 0 1 0 2 2 3 1 1 1 0 2 3 1 3 2 0 0 0 2 2 
  0.000000   0.000000 412.910000 (412.841736)
prob051
time(init) = 0.031093
time(kernel) = 1044.566679
len=53: 2 3 3 1 3 2 0 1 0 2 0 1 3 1 0 2 2 3 1 1 1 0 2 2 3 1 1 3 3 2 2 0 1 0 1 3 3 2 0 0 0 1 3 3 3 2 2 2 0 1 0 0 2 
  0.000000   0.000000 1044.790000 (1044.607894)
prob052
time(init) = 0.031333
time(kernel) = 1007.795734
len=54: 3 2 2 0 1 1 3 2 3 2 0 1 3 1 1 0 2 2 3 1 3 1 0 0 2 2 3 3 2 0 0 0 1 1 1 3 2 3 2 3 1 0 2 2 3 1 1 1 0 2 2 2 0 0 
  0.000000   0.000000 1008.000000 (1007.836208)
prob053
time(init) = 0.032630
time(kernel) = 299.825331
len=54: 0 0 0 2 2 2 3 3 1 1 1 0 0 2 2 3 3 1 3 2 2 0 1 1 1 3 2 0 0 1 3 2 0 2 3 3 1 0 0 0 2 3 3 1 1 0 2 2 0 1 3 2 2 0 
  0.000000   0.010000 299.910000 (299.867270)
prob054
time(init) = 0.033049
time(kernel) = 385.061416
len=52: 0 1 3 1 0 2 2 3 3 1 3 2 0 0 1 3 1 0 2 0 2 3 3 1 3 2 0 2 0 0 1 1 1 3 2 3 1 0 2 2 3 2 3 1 0 0 2 3 1 0 0 2 
  0.000000   0.000000 385.160000 (385.103560)
prob055
time(init) = 0.031054
time(kernel) = 1632.822090
len=51: 3 2 3 3 1 0 2 3 2 0 1 0 2 2 3 1 0 2 3 3 1 1 0 0 2 3 1 1 0 2 0 2 2 3 3 1 1 0 2 3 3 1 0 1 0 2 3 2 0 0 2 
  0.000000   0.000000 1633.030000 (1632.862327)
prob056
time(init) = 0.031930
time(kernel) = 364.210862
len=54: 1 3 3 2 0 2 0 2 3 1 0 1 3 2 0 1 1 3 2 0 2 2 3 1 3 1 0 2 3 3 2 0 0 1 3 3 1 0 1 0 2 0 2 3 3 3 1 0 0 0 2 3 2 0 
  0.000000   0.000000 364.230000 (364.252164)
prob057
time(init) = 0.033309
time(kernel) = 433.836968
len=51: 0 0 1 1 3 3 2 3 2 0 2 0 0 1 1 3 2 3 1 1 3 2 2 2 0 1 0 2 3 1 1 1 0 2 2 0 1 1 3 2 3 2 0 1 3 3 2 0 0 0 2 
  0.000000   0.000000 433.950000 (433.879412)
prob058
time(init) = 0.031121
time(kernel) = 349.198988
len=54: 0 0 1 1 1 3 2 2 3 1 3 1 0 0 2 0 2 3 3 2 0 0 1 3 1 3 3 1 0 2 2 0 1 0 1 3 3 2 2 3 2 0 0 1 3 2 3 1 0 1 0 0 2 2 
  0.000000   0.000000 349.300000 (349.239230)
prob059
time(init) = 0.032858
time(kernel) = 662.989314
len=57: 3 2 0 2 3 1 0 1 3 3 3 2 0 2 3 2 0 0 1 0 2 3 1 3 3 1 0 1 0 2 2 3 1 1 0 2 0 2 3 3 2 0 1 1 0 1 3 2 3 3 1 0 2 2 2 0 0 
  0.000000   0.000000 663.140000 (663.031325)
prob060
time(init) = 0.033381
time(kernel) = 439.166404
len=54: 0 2 2 2 3 1 0 1 3 1 3 2 2 3 1 1 0 2 2 0 0 1 1 3 3 2 2 2 0 1 3 3 1 1 0 2 0 2 0 1 3 2 3 3 2 0 1 3 1 0 0 2 2 0 
  0.000000   0.000000 439.270000 (439.208902)
prob061
time(init) = 0.032382
time(kernel) = 803.282853
len=52: 0 2 3 1 3 2 3 1 0 2 0 1 3 3 1 1 0 0 2 2 0 1 3 2 3 3 1 1 0 0 2 2 3 3 1 0 1 0 0 2 2 3 2 3 1 3 2 0 1 0 0 2 
  0.000000   0.000000 803.460000 (803.324264)
prob062
time(init) = 0.031788
time(kernel) = 1824.520571
len=54: 3 3 2 0 1 0 2 3 2 2 3 1 0 2 0 0 1 3 1 3 2 2 0 0 1 3 1 3 2 3 1 1 0 0 2 0 1 3 3 2 0 0 2 3 3 3 1 0 2 3 2 0 0 0 
  0.000000   0.000000 1824.870000 (1824.561432)
prob063
time(init) = 0.031938
time(kernel) = 311.101580
len=64: 0 0 0 2 2 2 3 1 1 3 1 0 0 2 3 2 3 2 3 1 1 1 0 0 0 2 2 3 3 1 0 2 2 3 1 0 2 3 3 1 1 1 0 0 2 0 1 3 2 2 0 2 3 3 3 1 1 1 0 0 2 2 2 0 
  0.000000   0.000000 311.190000 (311.142607)
prob064
time(init) = 0.032806
time(kernel) = 2692.041984
len=52: 2 2 2 0 0 1 3 1 1 0 0 2 3 1 0 2 2 2 3 1 1 3 3 2 0 2 0 1 1 3 1 0 2 0 1 3 2 3 3 2 0 1 3 1 0 0 2 0 2 3 2 0 
  0.000000   0.000000 2692.530000 (2692.083937)
prob065
time(init) = 0.032938
time(kernel) = 960.251751
len=57: 0 1 3 2 3 3 1 1 0 2 0 1 0 2 2 3 1 1 1 3 2 2 2 3 1 1 0 1 3 2 0 2 2 0 1 0 1 3 3 1 0 2 2 3 1 0 0 2 3 3 2 0 1 1 0 2 2 
  0.000000   0.000000 960.460000 (960.293887)
prob066
time(init) = 0.032945
time(kernel) = 1677.550497
len=56: 2 3 1 3 1 3 2 2 2 0 0 1 1 3 1 0 0 2 3 2 3 1 0 1 0 2 2 3 3 2 0 0 1 3 1 3 2 3 2 0 0 1 3 3 1 1 0 0 2 2 3 3 2 0 0 0 
  0.000000   0.000000 1677.870000 (1677.592630)
prob067
time(init) = 0.032714
time(kernel) = 265.459333
len=50: 1 0 2 3 2 3 1 1 0 0 2 3 3 3 1 0 0 1 3 3 2 2 2 0 0 0 1 1 3 2 3 2 0 0 1 3 1 1 3 2 2 0 1 3 3 2 2 0 0 0 
  0.000000   0.000000 265.540000 (265.501075)
prob068
time(init) = 0.032871
time(kernel) = 1180.022027
len=52: 0 2 3 3 1 1 0 1 0 2 3 2 0 1 3 1 3 2 3 2 0 0 1 1 3 2 2 0 2 3 1 3 1 0 0 2 0 1 3 1 3 3 2 2 0 1 3 2 2 0 0 0 
  0.000000   0.000000 1180.260000 (1180.064045)
prob069
time(init) = 0.032964
time(kernel) = 2522.220216
len=50: 2 2 0 0 1 1 3 1 3 2 3 1 0 0 2 2 2 3 3 1 1 0 1 0 2 2 0 1 1 3 2 0 2 3 1 3 2 2 0 1 1 3 2 3 1 0 0 0 2 2 
  0.000000   0.000000 2522.680000 (2522.262384)
prob070
time(init) = 0.031572
time(kernel) = 1076.451925
len=57: 3 2 2 2 0 1 1 1 0 2 2 3 1 3 2 2 0 1 0 2 0 1 1 3 3 1 0 0 2 3 1 3 3 2 0 0 2 0 2 3 3 1 3 1 0 2 0 0 2 3 3 3 1 0 0 0 2 
  0.000000   0.000000 1076.670000 (1076.492578)
prob071
time(init) = 0.031007
time(kernel) = 758.057783
len=55: 0 1 1 1 3 2 3 3 2 0 0 2 3 1 0 1 3 2 0 0 1 3 1 3 3 2 0 0 1 3 3 2 0 2 0 0 1 1 3 2 2 2 0 1 1 1 3 2 3 2 3 2 0 0 0 
  0.000000   0.000000 758.220000 (758.097940)
prob072
time(init) = 0.032401
time(kernel) = 1424.033315
len=53: 0 1 3 3 2 3 2 0 2 3 1 0 0 1 3 3 2 0 0 2 0 1 3 1 1 3 2 0 0 2 3 2 3 1 3 1 0 0 2 3 3 1 0 0 1 3 3 2 0 0 2 0 2 
  0.000000   0.000000 1424.550000 (1424.074932)
prob073
time(init) = 0.033480
time(kernel) = 1076.842179
len=54: 1 3 1 1 0 2 2 2 3 1 0 1 3 1 3 2 0 2 3 3 2 0 1 1 3 2 0 1 3 1 0 0 2 0 2 2 3 3 3 1 0 0 1 3 3 1 0 0 2 3 2 0 0 2 
  0.000000   0.000000 1077.180000 (1076.884799)
prob074
time(init) = 0.031983
time(kernel) = 5499.366731
len=59: 1 1 0 2 2 3 1 0 0 0 1 3 2 2 0 1 1 1 3 2 2 2 3 1 0 2 0 1 1 1 3 2 2 2 0 1 1 3 3 1 3 2 2 0 1 1 0 2 3 3 1 0 2 3 2 0 0 0 2 
  0.000000   0.000000 5500.300000 (5499.408039)
prob075
time(init) = 0.032911
time(kernel) = 413.529825
len=53: 3 1 3 2 2 0 2 0 0 1 1 3 3 2 2 0 1 0 1 3 1 0 2 3 3 1 0 2 3 2 3 2 0 1 0 2 0 1 1 3 3 3 2 0 0 0 1 3 3 2 0 2 0 
  0.000000   0.000000 413.630000 (413.571804)
prob076
time(init) = 0.033075
time(kernel) = 2100.162404
len=56: 1 3 2 2 2 3 1 1 3 1 0 0 2 0 1 3 3 2 0 2 0 2 3 1 0 1 3 2 3 1 3 2 2 0 1 1 3 2 2 0 0 1 3 1 1 3 2 2 0 1 0 1 0 2 2 2 
  0.000000   0.000000 2100.620000 (2100.204697)
prob077
time(init) = 0.032990
time(kernel) = 424.543924
len=56: 2 2 0 1 3 3 2 0 2 3 1 0 1 3 2 3 2 0 0 1 1 0 2 3 3 3 1 0 1 3 2 0 0 1 3 2 0 0 2 2 3 1 3 3 1 0 0 2 0 1 3 1 0 2 2 2 
  0.000000   0.000000 424.650000 (424.586144)
prob078
time(init) = 0.033025
time(kernel) = 3763.206921
len=57: 0 1 0 2 3 2 0 1 1 3 2 2 2 0 1 1 1 3 2 2 2 3 1 1 1 0 2 3 2 0 0 0 2 3 3 1 1 0 2 3 1 3 2 2 0 0 1 0 1 1 3 2 3 2 0 0 2 
  0.000000   0.000000 3763.810000 (3763.249054)
prob079
time(init) = 0.032979
time(kernel) = 3362.034234
len=60: 0 1 3 1 3 1 0 0 2 0 2 3 3 3 1 1 0 0 0 2 2 3 2 0 1 3 3 2 0 1 1 3 2 2 3 1 1 1 0 0 2 0 2 2 3 3 3 1 1 1 0 2 2 3 1 0 0 0 2 2 
  0.000000   0.000000 3362.590000 (3362.076373)
prob080
time(init) = 0.033023
time(kernel) = 1944.632756
len=58: 0 1 1 3 2 0 2 3 1 3 3 1 0 2 2 0 2 3 1 0 1 1 3 2 2 3 2 0 0 0 1 3 3 3 1 1 0 2 2 3 1 0 0 0 1 3 2 0 2 3 3 2 0 1 1 0 2 2 
  0.000000   0.000000 1944.970000 (1944.675151)
prob081
time(init) = 0.032280
time(kernel) = 1443.298174
len=59: 0 1 1 3 2 2 3 1 0 0 2 3 3 3 1 0 0 2 3 1 1 3 1 0 0 0 2 2 3 3 1 0 1 3 2 0 0 2 3 3 1 3 1 0 0 2 3 1 0 0 2 2 3 1 0 2 3 2 0 
  0.000000   0.000000 1443.560000 (1443.339602)
prob082
time(init) = 0.032853
time(kernel) = 2757.053709
len=57: 0 2 3 3 1 0 0 0 2 3 3 3 1 0 0 1 1 3 2 3 2 0 0 1 0 2 2 3 1 3 1 0 0 1 3 3 3 2 0 0 0 1 3 3 3 2 0 2 0 0 1 1 3 2 2 2 0 
  0.000000   0.000000 2757.500000 (2757.095724)
prob083
time(init) = 0.033134
time(kernel) = 5033.484321
len=56: 1 0 0 2 2 3 3 1 3 1 0 0 2 3 3 2 0 2 0 0 1 1 1 3 2 3 2 2 3 1 0 1 3 2 0 2 0 1 0 1 3 1 0 2 3 3 2 0 0 1 3 3 2 0 0 2 
  0.000000   0.000000 5034.310000 (5033.526567)
prob084
time(init) = 0.031321
time(kernel) = 1632.704792
len=58: 0 1 1 0 1 3 2 0 2 3 1 0 1 3 2 3 2 2 3 1 0 0 0 1 3 3 3 2 0 0 2 3 3 1 0 0 1 3 1 3 2 2 0 0 0 1 3 3 2 0 0 2 3 3 1 0 0 2 
  0.000000   0.000000 1632.990000 (1632.745308)
prob085
time(init) = 0.032846
time(kernel) = 4729.291189
len=59: 2 3 2 0 0 0 1 3 1 3 2 2 0 2 0 1 3 2 3 3 1 0 0 1 3 3 2 0 0 0 2 3 3 1 0 0 1 1 3 2 3 3 2 0 0 0 1 3 2 0 2 3 1 1 1 0 2 2 2 
  0.000000   0.000000 4730.280000 (4729.333291)
prob086
time(init) = 0.032927
time(kernel) = 7205.116731
len=56: 0 2 2 2 3 1 3 1 0 1 3 2 0 0 1 3 2 0 2 3 3 1 3 1 0 0 2 0 2 3 1 3 3 1 0 0 2 0 1 3 2 3 2 3 2 0 1 0 2 3 1 3 2 0 0 0 
  0.000000   0.000000 7206.490000 (7205.158988)
prob087
time(init) = 0.031593
time(kernel) = 8250.388742
len=59: 1 0 0 2 0 2 3 3 2 3 1 1 0 2 2 0 0 1 3 1 3 1 0 2 3 2 2 3 1 1 1 0 2 2 0 2 3 1 3 1 1 0 2 0 2 2 0 1 1 1 3 2 2 0 1 3 2 2 0 
  0.000000   0.000000 8252.390000 (8250.429457)
prob088
time(init) = 0.032747
time(kernel) = 7739.624940
len=57: 0 1 3 1 3 2 2 3 1 1 1 0 2 3 2 0 0 2 3 1 1 0 1 0 2 2 3 3 3 2 0 0 1 1 0 2 2 3 1 3 1 0 1 3 2 0 2 3 1 3 1 0 0 0 2 2 2 
  0.000000   0.000000 7740.800000 (7739.666896)
prob089
time(init) = 0.031892
time(kernel) = 3991.880155
len=59: 0 2 2 2 3 1 1 1 0 2 2 3 1 0 0 2 3 3 3 2 0 0 0 1 3 2 3 1 3 1 0 2 0 1 3 2 2 0 1 3 3 1 0 1 0 2 0 1 3 2 2 3 2 0 0 1 3 2 0 
  0.000000   0.000000 3993.050000 (3991.921504)
prob090
time(init) = 0.033662
time(kernel) = 8149.347235
len=55: 0 0 2 2 3 1 0 2 3 3 1 0 1 3 2 3 1 0 2 3 2 2 0 1 1 0 2 2 3 1 1 0 2 0 1 1 3 2 0 2 2 3 1 1 0 2 3 3 1 1 0 0 2 2 2 
  0.000000   0.000000 8150.700000 (8149.390122)
prob091
time(init) = 0.031836
time(kernel) = 8767.800353
len=57: 0 2 2 3 1 1 3 1 3 2 2 2 0 1 0 1 0 2 2 3 1 3 3 1 0 0 1 3 2 0 0 1 3 2 0 2 3 3 3 1 1 0 0 2 0 2 3 3 3 1 1 0 2 0 0 2 2 
  0.000000   0.000000 8769.010000 (8767.841333)
prob092
time(init) = 0.031792
time(kernel) = 4218.808759
len=62: 2 0 0 0 2 3 2 0 1 3 3 3 1 0 2 2 3 1 0 2 0 1 1 3 1 0 0 2 3 1 0 2 2 3 1 3 2 0 2 0 1 1 3 3 3 2 2 0 1 1 3 1 0 0 2 3 3 2 2 0 0 0 
  0.000000   0.000000 4219.470000 (4218.849694)
prob093
time(init) = 0.032352
time(kernel) = 12047.611662
len=59: 1 3 1 0 2 2 2 3 1 1 1 0 2 2 2 3 1 1 3 3 2 2 0 0 1 1 3 3 1 0 2 3 2 0 1 0 1 3 3 2 2 2 0 1 3 1 0 2 0 1 0 1 3 3 2 0 2 0 2 
  0.000000   0.000000 12049.500000 (12047.653104)
prob094
time(init) = 0.032651
time(kernel) = 3338.537865
len=64: 0 0 1 1 1 3 3 3 2 2 2 0 0 0 1 3 3 3 2 0 0 0 1 3 1 3 2 2 0 1 1 3 1 0 2 0 1 3 3 3 2 2 2 0 1 1 0 0 2 3 3 1 1 3 2 2 0 1 0 2 3 2 0 0 
  0.000000   0.000000 3339.250000 (3338.579636)
prob095
time(init) = 0.032180
time(kernel) = 5934.372293
len=66: 2 2 3 3 1 1 3 1 0 0 0 2 3 1 0 2 2 2 3 1 1 0 2 2 3 3 1 3 2 0 0 1 3 3 1 1 0 0 2 0 2 3 3 2 3 1 1 1 0 0 2 2 3 3 1 1 0 0 0 2 3 1 0 2 2 2 
  0.000000   0.000000 5936.280000 (5934.414053)
prob096
