nohup: ignoring input
prob000
time(init) = 0.041596
time(kernel) = 0.969311
len=45: 2 2 2 0 1 1 3 2 0 2 3 1 3 2 0 0 0 1 1 3 1 3 2 2 0 2 3 1 0 0 1 1 3 3 2 2 3 1 0 2 0 1 0 2 2 
  0.000000   0.000000   1.010000 (  1.020148)
prob001
time(init) = 0.035394
time(kernel) = 1.474846
len=42: 1 1 0 1 3 3 2 0 0 2 3 2 0 1 3 3 1 0 0 2 3 2 3 1 1 0 1 0 2 0 2 3 2 0 1 1 1 3 2 2 0 2 
  0.000000   0.000000   1.510000 (  1.519284)
prob002
time(init) = 0.036174
time(kernel) = 0.965616
len=42: 1 1 3 3 3 2 0 2 3 1 0 0 2 3 1 0 1 3 2 2 0 1 1 1 3 2 3 2 0 0 0 1 3 1 0 2 3 3 2 0 0 2 
  0.000000   0.000000   1.010000 (  1.010900)
prob003
time(init) = 0.036061
time(kernel) = 3.790599
len=49: 1 0 2 3 1 1 0 1 3 2 0 1 0 2 2 3 3 1 0 1 0 2 2 0 1 3 2 2 0 1 1 1 3 2 2 3 2 0 1 3 1 1 0 2 0 2 3 2 0 
  0.000000   0.000000   3.830000 (  3.835624)
prob004
time(init) = 0.035940
time(kernel) = 1.622008
len=41: 3 2 3 1 0 2 2 0 0 1 1 3 2 0 1 3 3 3 2 0 0 2 0 1 1 3 3 3 2 0 0 1 3 1 3 2 2 0 2 0 0 
  0.000000   0.000000   1.670000 (  1.666141)
prob005
time(init) = 0.035625
time(kernel) = 1.850279
len=46: 0 1 3 2 2 3 1 0 0 2 3 3 3 1 0 1 3 1 0 0 2 3 3 1 0 2 3 2 0 0 0 1 3 2 0 2 3 3 1 1 1 0 2 2 2 0 
  0.000000   0.000000   1.890000 (  1.894251)
prob006
time(init) = 0.035186
time(kernel) = 7.020522
len=50: 2 0 1 3 3 2 0 0 1 3 1 1 0 2 2 3 1 3 1 0 0 2 3 3 1 3 2 0 2 3 2 0 0 1 3 1 1 0 2 2 3 3 1 1 0 0 2 2 0 2 
  0.000000   0.000000   7.070000 (  7.064614)
prob007
time(init) = 0.032794
time(kernel) = 2.675277
len=45: 1 1 3 2 3 2 0 2 3 3 1 0 0 0 2 3 1 1 1 3 2 2 2 0 1 1 0 1 3 3 2 2 0 0 2 3 3 3 1 1 0 0 2 2 0 
  0.000000   0.000000   2.710000 (  2.717019)
prob008
time(init) = 0.035237
time(kernel) = 5.620199
len=44: 2 0 1 3 1 0 0 0 2 3 3 1 0 2 2 3 1 1 1 0 0 2 3 1 3 3 2 2 0 1 3 1 0 2 0 1 0 2 2 3 3 2 0 0 
  0.000000   0.000000   5.670000 (  5.664377)
prob009
time(init) = 0.035581
time(kernel) = 5.110928
len=49: 2 0 0 1 3 3 2 2 2 0 1 3 1 0 2 3 2 0 1 0 1 1 3 2 3 2 0 0 2 3 1 0 1 1 3 3 2 3 1 0 2 2 3 1 0 0 2 2 0 
  0.000000   0.000000   5.140000 (  5.155550)
prob010
time(init) = 0.036121
time(kernel) = 1.667519
len=44: 0 0 0 1 1 3 3 3 2 0 2 3 1 0 2 0 1 3 2 2 0 1 1 1 3 3 2 0 0 0 2 2 3 1 0 1 1 3 2 3 2 0 0 2 
  0.000000   0.000000   1.710000 (  1.712746)
prob011
time(init) = 0.036078
time(kernel) = 2.294733
len=53: 3 3 1 0 0 1 3 1 0 0 2 2 3 2 3 3 1 1 0 1 3 2 0 1 0 0 2 3 3 2 3 1 0 1 0 0 2 3 2 2 3 1 1 0 2 0 2 3 3 1 0 0 2 
  0.000000   0.000000   2.340000 (  2.339208)
prob012
time(init) = 0.034245
time(kernel) = 4.715054
len=47: 2 0 2 3 1 0 2 0 1 3 2 3 1 0 1 0 2 2 3 2 3 3 1 1 0 2 2 0 0 1 3 1 1 3 3 2 0 2 2 0 1 3 3 2 0 0 0 
  0.000000   0.000000   4.760000 (  4.758155)
prob013
time(init) = 0.035960
time(kernel) = 3.132382
len=46: 0 2 0 2 3 3 2 0 1 0 0 2 3 3 1 0 1 0 2 2 3 1 1 1 0 2 3 1 3 3 2 2 0 1 0 1 3 2 3 2 2 0 1 0 0 2 
  0.000000   0.000000   3.170000 (  3.177406)
prob014
time(init) = 0.033092
time(kernel) = 3.316424
len=46: 0 0 2 3 2 3 1 0 1 3 3 2 0 0 0 2 3 3 3 1 0 0 0 2 3 3 1 0 1 0 2 3 1 1 0 2 3 1 3 2 3 2 0 0 2 0 
  0.000000   0.000000   3.370000 (  3.358574)
prob015
time(init) = 0.034605
time(kernel) = 16.182501
len=50: 3 2 0 2 3 3 1 0 0 1 0 2 2 3 3 3 1 0 2 2 3 1 1 1 0 0 2 3 1 0 2 0 1 3 2 2 2 3 1 1 1 0 2 0 2 2 3 1 0 2 
  0.000000   0.000000  16.210000 ( 16.226157)
prob016
time(init) = 0.034770
time(kernel) = 9.441323
len=45: 0 1 0 0 2 3 2 2 3 1 3 1 0 0 2 0 1 1 3 2 0 2 2 3 3 1 0 2 3 3 1 0 1 1 0 2 2 0 1 1 3 2 2 0 2 
  0.000000   0.000000   9.490000 (  9.485304)
prob017
time(init) = 0.037095
time(kernel) = 18.741314
len=44: 2 3 3 2 0 0 1 3 1 3 2 0 1 1 3 2 0 1 0 2 3 3 2 3 2 0 1 3 1 1 0 0 0 2 2 3 2 3 1 1 0 0 2 2 
  0.000000   0.000000  18.790000 ( 18.787678)
prob018
time(init) = 0.034104
time(kernel) = 20.056899
len=51: 3 1 3 1 0 0 2 3 1 0 2 2 3 3 2 3 1 0 1 3 2 0 1 0 2 3 2 0 0 1 3 3 1 3 1 0 0 2 2 2 3 1 3 1 1 0 0 2 0 2 2 
  0.010000   0.000000  20.100000 ( 20.100149)
prob019
time(init) = 0.036151
time(kernel) = 20.809038
len=53: 2 3 2 0 0 0 2 3 3 3 1 0 2 0 1 1 3 2 0 1 0 2 3 2 3 1 0 1 1 3 2 3 2 0 0 1 1 3 2 0 1 0 2 3 1 3 3 2 2 0 0 2 0 
  0.000000   0.000000  20.860000 ( 20.854232)
prob020
time(init) = 0.034550
time(kernel) = 14.843077
len=50: 0 2 3 2 3 2 3 1 0 0 2 3 1 1 0 1 3 2 0 0 2 3 2 3 1 1 3 2 0 1 0 0 2 3 3 1 3 1 0 0 0 2 3 1 0 2 2 3 2 0 
  0.000000   0.000000  14.880000 ( 14.886710)
prob021
time(init) = 0.036066
time(kernel) = 23.994479
len=46: 2 3 1 1 1 3 2 0 2 3 1 0 0 0 2 2 3 3 1 0 1 1 0 2 2 2 3 3 3 1 1 0 0 1 0 2 3 1 3 3 2 0 2 2 0 0 
  0.000000   0.000000  24.030000 ( 24.039644)
prob022
time(init) = 0.035708
time(kernel) = 33.523381
len=53: 1 3 1 0 0 2 2 3 2 0 1 1 3 1 3 2 0 2 0 0 1 3 2 0 2 3 1 0 1 1 3 2 3 1 0 2 2 3 3 1 1 0 0 2 2 3 2 3 1 0 2 0 0 
  0.000000   0.000000  33.570000 ( 33.568150)
prob023
time(init) = 0.037959
time(kernel) = 16.692014
len=53: 1 1 3 2 3 3 2 0 2 0 0 1 1 3 2 0 1 1 3 2 3 2 2 3 1 1 0 1 3 2 0 2 0 2 0 1 1 3 1 3 2 3 2 0 0 2 3 3 1 0 0 0 2 
  0.000000   0.000000  16.740000 ( 16.739067)
prob024
time(init) = 0.036165
time(kernel) = 14.109307
len=50: 0 0 2 3 1 1 0 1 3 2 3 2 2 0 1 1 0 2 2 3 1 3 1 0 1 3 2 0 0 1 3 2 2 0 1 0 1 3 2 3 2 2 0 0 1 1 3 2 2 0 
  0.000000   0.000000  14.150000 ( 14.154581)
prob025
time(init) = 0.034412
time(kernel) = 13.003886
len=52: 0 2 2 3 2 0 1 3 3 2 0 0 1 3 1 1 3 2 0 0 2 3 3 1 3 2 2 0 1 1 1 3 2 2 2 0 1 1 0 1 0 2 3 1 3 3 2 0 2 0 2 0 
  0.000000   0.000000  13.040000 ( 13.047389)
prob026
time(init) = 0.035893
time(kernel) = 46.792648
len=52: 1 1 0 0 2 2 0 1 1 3 2 3 2 2 0 0 1 1 3 2 3 3 1 1 0 2 3 2 2 0 0 1 3 2 0 1 0 1 1 3 2 3 2 3 1 0 2 0 1 0 2 2 
  0.000000   0.000000  46.840000 ( 46.837589)
prob027
time(init) = 0.033002
time(kernel) = 30.889093
len=42: 2 2 0 0 0 1 1 3 2 2 2 3 1 1 3 1 0 0 2 3 3 1 0 2 3 2 0 0 1 0 1 3 3 2 2 2 0 1 1 0 2 2 
  0.000000   0.000000  30.930000 ( 30.930980)
prob028
time(init) = 0.033800
time(kernel) = 23.912395
len=49: 1 1 3 2 2 2 0 1 3 3 1 0 1 3 2 3 2 2 0 1 1 0 2 2 3 1 3 1 0 1 3 2 0 2 0 1 0 1 3 3 2 0 1 0 2 3 2 2 0 
  0.000000   0.000000  23.960000 ( 23.955212)
prob029
time(init) = 0.034392
time(kernel) = 13.063115
len=55: 1 1 3 3 2 0 0 2 2 3 3 1 1 0 2 2 3 1 3 1 0 0 1 3 2 2 0 1 3 2 3 1 1 0 0 2 0 1 3 3 2 0 0 2 3 3 2 3 1 1 0 0 0 2 2 
  0.000000   0.000000  13.100000 ( 13.106655)
prob030
time(init) = 0.034362
time(kernel) = 27.396320
len=49: 0 1 0 2 3 1 1 1 0 0 2 2 3 1 3 2 0 2 3 1 3 1 0 1 0 0 2 3 2 2 3 1 3 1 1 0 0 2 2 3 1 3 1 0 0 0 2 2 2 
  0.000000   0.000000  27.440000 ( 27.439919)
prob031
time(init) = 0.033246
time(kernel) = 3.879153
len=56: 0 0 1 1 3 3 2 2 3 1 0 2 0 0 1 1 3 3 3 2 2 0 0 1 3 1 1 3 2 2 2 0 1 1 1 0 0 2 2 3 3 1 1 0 2 0 2 3 3 1 3 2 2 0 0 0 
  0.000000   0.000000   3.920000 (  3.921506)
prob032
time(init) = 0.035893
time(kernel) = 28.493266
len=49: 0 1 3 3 1 3 2 0 1 1 0 0 2 3 2 2 3 1 0 1 3 3 1 0 2 2 3 1 1 0 0 2 2 0 2 3 3 1 0 0 2 3 3 3 1 0 0 0 2 
  0.000000   0.000000  28.530000 ( 28.538313)
prob033
time(init) = 0.035825
time(kernel) = 22.688963
len=49: 0 1 0 2 3 2 3 2 0 0 1 3 2 0 0 1 3 1 3 3 2 0 1 3 1 0 2 3 2 2 0 0 1 0 1 1 3 3 2 0 2 0 1 1 3 2 2 2 0 
  0.000000   0.000000  22.730000 ( 22.733686)
prob034
time(init) = 0.033142
time(kernel) = 29.578329
len=57: 2 2 3 1 3 3 1 0 0 0 2 3 3 2 2 0 1 1 1 0 2 2 3 1 3 2 0 1 3 3 2 0 2 3 1 0 2 0 1 3 1 1 0 2 2 3 1 1 0 2 3 3 2 0 2 0 0 
  0.000000   0.000000  29.620000 ( 29.620585)
prob035
time(init) = 0.035928
time(kernel) = 112.928658
len=49: 2 2 3 1 1 0 2 0 0 2 2 3 1 3 2 3 1 1 0 0 0 1 3 2 2 0 1 1 3 2 3 2 2 3 1 0 0 1 3 3 2 0 2 3 1 0 0 2 0 
  0.000000   0.000000 112.990000 (112.973669)
prob036
time(init) = 0.034650
time(kernel) = 31.719783
len=52: 0 0 2 2 2 3 3 1 0 0 0 2 3 3 1 1 3 2 2 0 1 0 1 0 2 2 3 3 1 3 1 1 0 0 2 2 3 1 1 0 2 0 2 3 3 1 3 2 2 0 0 0 
  0.000000   0.000000  31.750000 ( 31.763557)
prob037
time(init) = 0.035903
time(kernel) = 22.884731
len=56: 0 0 0 2 2 3 1 3 1 0 0 2 3 2 2 3 1 1 0 2 2 3 1 3 1 0 1 0 2 2 3 3 2 0 1 3 1 0 1 0 2 0 2 3 3 3 1 0 1 0 0 2 2 3 2 0 
  0.000000   0.000000  22.930000 ( 22.929791)
prob038
time(init) = 0.033308
time(kernel) = 34.252755
len=54: 1 1 1 3 3 2 2 0 0 1 1 3 2 3 2 3 2 0 0 0 1 1 3 3 3 2 2 0 1 1 0 2 2 3 1 1 1 3 2 2 0 0 0 1 3 1 3 3 2 2 0 0 2 0 
  0.000000   0.000000  34.300000 ( 34.295151)
prob039
time(init) = 0.035888
time(kernel) = 2.050092
len=47: 0 0 1 3 1 0 2 3 3 2 0 2 0 1 1 3 2 3 1 0 1 3 2 3 1 0 2 0 2 3 3 1 0 2 2 3 1 0 0 2 3 1 1 0 2 0 2 
  0.000000   0.000000   2.090000 (  2.094890)
prob040
time(init) = 0.034436
time(kernel) = 14.207587
len=51: 2 2 3 1 0 0 2 3 3 1 3 2 0 1 1 0 1 3 2 3 2 0 0 1 3 3 1 0 2 2 2 0 1 1 0 2 3 3 3 1 0 0 2 3 1 0 1 0 2 2 2 
  0.000000   0.000000  14.250000 ( 14.251085)
prob041
time(init) = 0.036391
time(kernel) = 65.979273
len=52: 1 3 2 2 2 3 1 1 1 0 2 2 0 1 1 3 2 3 3 2 2 0 0 0 1 3 3 3 2 0 0 1 3 1 0 2 0 1 3 2 3 3 1 1 0 2 3 2 2 0 0 0 
  0.000000   0.000000  66.030000 ( 66.024655)
prob042
time(init) = 0.034716
time(kernel) = 34.075493
len=52: 0 0 1 1 0 2 3 3 2 2 0 1 0 1 3 2 3 1 3 2 2 0 0 0 1 3 3 1 1 0 2 2 2 3 1 1 1 0 0 2 3 2 3 1 3 2 2 0 1 0 2 0 
  0.000000   0.000000  34.120000 ( 34.119332)
prob043
time(init) = 0.035980
time(kernel) = 34.972690
len=47: 0 1 3 2 0 0 1 3 2 0 1 1 0 2 2 3 1 0 1 1 3 2 2 0 1 1 3 2 3 2 0 1 3 3 2 2 0 1 1 3 1 0 2 0 0 2 2 
  0.000000   0.000000  35.020000 ( 35.017847)
prob044
time(init) = 0.035948
time(kernel) = 205.378795
len=50: 3 2 2 0 1 1 3 1 0 2 2 3 3 2 0 0 1 3 3 3 2 0 0 0 1 3 3 1 0 0 2 3 1 1 3 2 3 1 0 2 2 3 1 1 0 2 2 2 0 0 
  0.000000   0.000000 205.460000 (205.425567)
prob045
time(init) = 0.035031
time(kernel) = 45.786063
len=56: 0 1 1 3 2 2 2 0 1 1 3 1 0 2 3 3 1 0 2 2 2 0 1 1 1 3 2 3 3 1 0 0 2 3 2 3 1 0 2 2 3 1 1 1 0 2 2 0 1 1 3 2 2 2 0 0 
  0.000000   0.000000  45.820000 ( 45.830232)
prob046
time(init) = 0.036007
time(kernel) = 89.443451
len=48: 1 3 2 2 3 1 3 2 0 1 3 1 0 2 3 2 2 0 0 0 1 3 2 3 1 0 1 1 3 2 2 0 1 0 2 3 2 3 3 1 1 0 0 2 3 2 0 0 
  0.000000   0.000000  89.480000 ( 89.488536)
prob047
time(init) = 0.034116
time(kernel) = 226.151251
len=57: 3 1 0 1 3 3 2 0 2 3 2 0 0 1 3 2 0 1 1 1 3 3 3 2 0 2 0 0 1 3 1 3 3 2 0 2 3 2 0 0 1 1 1 0 2 3 1 3 2 3 2 2 0 0 1 0 2 
  0.000000   0.010000 226.240000 (226.194356)
prob048
time(init) = 0.032035
time(kernel) = 255.693974
len=54: 3 1 0 0 2 0 1 3 2 3 1 0 2 3 2 3 1 0 2 0 2 0 1 3 2 3 3 1 0 0 1 3 2 2 0 1 0 1 3 1 3 2 2 0 0 1 3 3 2 2 0 1 0 2 
  0.000000   0.000000 255.770000 (255.735022)
prob049
time(init) = 0.035982
time(kernel) = 28.532679
len=55: 0 0 0 1 3 1 3 2 0 0 1 3 3 1 0 0 2 3 3 1 3 2 2 0 0 2 3 3 1 0 0 2 3 3 1 0 0 2 0 1 3 1 1 3 3 2 0 0 1 0 2 2 3 2 0 
  0.000000   0.000000  28.580000 ( 28.577719)
prob050
time(init) = 0.033293
time(kernel) = 103.980418
len=55: 0 1 1 0 0 2 3 2 3 1 1 0 1 3 3 2 0 2 3 1 0 0 2 0 1 3 1 0 2 2 3 3 2 3 1 0 1 0 2 2 3 1 1 1 0 2 3 1 3 2 0 0 0 2 2 
  0.000000   0.000000 104.040000 (104.022837)
prob051
time(init) = 0.035898
time(kernel) = 263.806570
len=53: 2 3 3 1 3 2 0 1 0 2 0 1 3 1 0 2 2 3 1 1 1 0 2 2 3 1 1 3 3 2 2 0 1 0 1 3 3 2 0 0 0 1 3 3 3 2 2 2 0 1 0 0 2 
  0.000000   0.000000 263.850000 (263.851462)
prob052
time(init) = 0.033598
time(kernel) = 254.180841
len=54: 3 2 2 0 1 1 3 2 3 2 0 1 3 1 1 0 2 2 3 1 3 1 0 0 2 2 3 3 2 0 0 0 1 1 1 3 2 3 2 3 1 0 2 2 3 1 1 1 0 2 2 2 0 0 
  0.000000   0.000000 254.260000 (254.223376)
prob053
time(init) = 0.035761
time(kernel) = 75.742772
len=54: 0 0 0 2 2 2 3 3 1 1 1 0 0 2 2 3 3 1 3 2 2 0 1 1 1 3 2 0 0 1 3 2 0 2 3 3 1 0 0 0 2 3 3 1 1 0 2 2 0 1 3 2 2 0 
  0.000000   0.000000  75.790000 ( 75.787627)
prob054
time(init) = 0.034596
time(kernel) = 97.348190
len=52: 0 1 3 1 0 2 2 3 3 1 3 2 0 0 1 3 1 0 2 0 2 3 3 1 3 2 0 2 0 0 1 1 1 3 2 3 1 0 2 2 3 2 3 1 0 0 2 3 1 0 0 2 
  0.000000   0.000000  97.380000 ( 97.391990)
prob055
time(init) = 0.035885
time(kernel) = 413.089982
len=51: 3 2 3 3 1 0 2 3 2 0 1 0 2 2 3 1 0 2 3 3 1 1 0 0 2 3 1 1 0 2 0 2 2 3 3 1 1 0 2 3 3 1 0 1 0 2 3 2 0 0 2 
  0.000000   0.000000 413.140000 (413.134890)
prob056
time(init) = 0.035988
time(kernel) = 92.056661
len=54: 1 3 3 2 0 2 0 2 3 1 0 1 3 2 0 1 1 3 2 0 2 2 3 1 3 1 0 2 3 3 2 0 0 1 3 3 1 0 1 0 2 0 2 3 3 3 1 0 0 0 2 3 2 0 
  0.000000   0.000000  92.110000 ( 92.101798)
prob057
time(init) = 0.036215
time(kernel) = 109.663228
len=51: 0 0 1 1 3 3 2 3 2 0 2 0 0 1 1 3 2 3 1 1 3 2 2 2 0 1 0 2 3 1 1 1 0 2 2 0 1 1 3 2 3 2 0 1 3 3 2 0 0 0 2 
  0.000000   0.000000 109.690000 (109.708560)
prob058
time(init) = 0.034285
time(kernel) = 88.375800
len=54: 0 0 1 1 1 3 2 2 3 1 3 1 0 0 2 0 2 3 3 2 0 0 1 3 1 3 3 1 0 2 2 0 1 0 1 3 3 2 2 3 2 0 0 1 3 2 3 1 0 1 0 0 2 2 
  0.000000   0.000000  88.440000 ( 88.419262)
prob059
time(init) = 0.035408
time(kernel) = 166.607815
len=57: 3 2 0 2 3 1 0 1 3 3 3 2 0 2 3 2 0 0 1 0 2 3 1 3 3 1 0 1 0 2 2 3 1 1 0 2 0 2 3 3 2 0 1 1 0 1 3 2 3 3 1 0 2 2 2 0 0 
  0.000000   0.000000 166.670000 (166.652464)
prob060
time(init) = 0.035687
time(kernel) = 110.878960
len=54: 0 2 2 2 3 1 0 1 3 1 3 2 2 3 1 1 0 2 2 0 0 1 1 3 3 2 2 2 0 1 3 3 1 1 0 2 0 2 0 1 3 2 3 3 2 0 1 3 1 0 0 2 2 0 
  0.000000   0.000000 110.920000 (110.923860)
prob061
time(init) = 0.034826
time(kernel) = 202.574776
len=52: 0 2 3 1 3 2 3 1 0 2 0 1 3 3 1 1 0 0 2 2 0 1 3 2 3 3 1 1 0 0 2 2 3 3 1 0 1 0 0 2 2 3 2 3 1 3 2 0 1 0 0 2 
  0.010000   0.000000 202.620000 (202.618825)
prob062
time(init) = 0.035750
time(kernel) = 459.789908
len=54: 3 3 2 0 1 0 2 3 2 2 3 1 0 2 0 0 1 3 1 3 2 2 0 0 1 3 1 3 2 3 1 1 0 0 2 0 1 3 3 2 0 0 2 3 3 3 1 0 2 3 2 0 0 0 
  0.000000   0.000000 459.910000 (459.834932)
prob063
time(init) = 0.036084
time(kernel) = 77.927828
len=64: 0 0 0 2 2 2 3 1 1 3 1 0 0 2 3 2 3 2 3 1 1 1 0 0 0 2 2 3 3 1 0 2 2 3 1 0 2 3 3 1 1 1 0 0 2 0 1 3 2 2 0 2 3 3 3 1 1 1 0 0 2 2 2 0 
  0.000000   0.000000  77.970000 ( 77.972989)
prob064
time(init) = 0.034497
time(kernel) = 680.283658
len=52: 2 2 2 0 0 1 3 1 1 0 0 2 3 1 0 2 2 2 3 1 1 3 3 2 0 2 0 1 1 3 1 0 2 0 1 3 2 3 3 2 0 1 3 1 0 0 2 0 2 3 2 0 
  0.000000   0.000000 680.310000 (680.327544)
prob065
time(init) = 0.034911
time(kernel) = 242.978194
len=57: 0 1 3 2 3 3 1 1 0 2 0 1 0 2 2 3 1 1 1 3 2 2 2 3 1 1 0 1 3 2 0 2 2 0 1 0 1 3 3 1 0 2 2 3 1 0 0 2 3 3 2 0 1 1 0 2 2 
  0.000000   0.000000 243.020000 (243.022370)
prob066
time(init) = 0.036347
time(kernel) = 423.737396
len=56: 2 3 1 3 1 3 2 2 2 0 0 1 1 3 1 0 0 2 3 2 3 1 0 1 0 2 2 3 3 2 0 0 1 3 1 3 2 3 2 0 0 1 3 3 1 1 0 0 2 2 3 3 2 0 0 0 
  0.000000   0.000000 423.840000 (423.782949)
prob067
time(init) = 0.037085
time(kernel) = 67.176961
len=50: 1 0 2 3 2 3 1 1 0 0 2 3 3 3 1 0 0 1 3 3 2 2 2 0 0 0 1 1 3 2 3 2 0 0 1 3 1 1 3 2 2 0 1 3 3 2 2 0 0 0 
  0.000000   0.000000  67.210000 ( 67.223411)
prob068
time(init) = 0.035583
time(kernel) = 298.421091
len=52: 0 2 3 3 1 1 0 1 0 2 3 2 0 1 3 1 3 2 3 2 0 0 1 1 3 2 2 0 2 3 1 3 1 0 0 2 0 1 3 1 3 3 2 2 0 1 3 2 2 0 0 0 
  0.000000   0.000000 298.500000 (298.465877)
prob069
time(init) = 0.036073
time(kernel) = 638.466365
len=50: 2 2 0 0 1 1 3 1 3 2 3 1 0 0 2 2 2 3 3 1 1 0 1 0 2 2 0 1 1 3 2 0 2 3 1 3 2 2 0 1 1 3 2 3 1 0 0 0 2 2 
  0.000000   0.000000 638.490000 (638.511549)
prob070
time(init) = 0.034730
time(kernel) = 271.137517
len=57: 3 2 2 2 0 1 1 1 0 2 2 3 1 3 2 2 0 1 0 2 0 1 1 3 3 1 0 0 2 3 1 3 3 2 0 0 2 0 2 3 3 1 3 1 0 2 0 0 2 3 3 3 1 0 0 0 2 
  0.000000   0.000000 271.230000 (271.181399)
prob071
time(init) = 0.035840
time(kernel) = 191.105256
len=55: 0 1 1 1 3 2 3 3 2 0 0 2 3 1 0 1 3 2 0 0 1 3 1 3 3 2 0 0 1 3 3 2 0 2 0 0 1 1 3 2 2 2 0 1 1 1 3 2 3 2 3 2 0 0 0 
  0.000000   0.000000 191.140000 (191.150315)
prob072
time(init) = 0.034126
time(kernel) = 360.634114
len=53: 0 1 3 3 2 3 2 0 2 3 1 0 0 1 3 3 2 0 0 2 0 1 3 1 1 3 2 0 0 2 3 2 3 1 3 1 0 0 2 3 3 1 0 0 1 3 3 2 0 0 2 0 2 
  0.000000   0.000000 360.740000 (360.677399)
prob073
time(init) = 0.034607
time(kernel) = 272.488629
len=54: 1 3 1 1 0 2 2 2 3 1 0 1 3 1 3 2 0 2 3 3 2 0 1 1 3 2 0 1 3 1 0 0 2 0 2 2 3 3 3 1 0 0 1 3 3 1 0 0 2 3 2 0 0 2 
  0.000000   0.000000 272.570000 (272.532458)
nohup: ignoring input
prob074
time(init) = 0.023778
time(kernel) = 1390.015295
len=59: 1 1 0 2 2 3 1 0 0 0 1 3 2 2 0 1 1 1 3 2 2 2 3 1 0 2 0 1 1 1 3 2 2 2 0 1 1 3 3 1 3 2 2 0 1 1 0 2 3 3 1 0 2 3 2 0 0 0 2 
  0.000000   0.000000 1390.340000 (1390.047181)
prob075
time(init) = 0.017909
time(kernel) = 104.654548
len=53: 3 1 3 2 2 0 2 0 0 1 1 3 3 2 2 0 1 0 1 3 1 0 2 3 3 1 0 2 3 2 3 2 0 1 0 2 0 1 1 3 3 3 2 0 0 0 1 3 3 2 0 2 0 
  0.000000   0.000000 104.690000 (104.680501)
prob076
time(init) = 0.017741
time(kernel) = 531.195279
len=56: 1 3 2 2 2 3 1 1 3 1 0 0 2 0 1 3 3 2 0 2 0 2 3 1 0 1 3 2 3 1 3 2 2 0 1 1 3 2 2 0 0 1 3 1 1 3 2 2 0 1 0 1 0 2 2 2 
  0.000000   0.000000 531.290000 (531.221068)
prob077
time(init) = 0.017851
time(kernel) = 107.044296
len=56: 2 2 0 1 3 3 2 0 2 3 1 0 1 3 2 3 2 0 0 1 1 0 2 3 3 3 1 0 1 3 2 0 0 1 3 2 0 0 2 2 3 1 3 3 1 0 0 2 0 1 3 1 0 2 2 2 
  0.000000   0.000000 107.080000 (107.070209)
prob078
time(init) = 0.017858
time(kernel) = 948.458303
len=57: 0 1 0 2 3 2 0 1 1 3 2 2 2 0 1 1 1 3 2 2 2 3 1 1 1 0 2 3 2 0 0 0 2 3 3 1 1 0 2 3 1 3 2 2 0 0 1 0 1 1 3 2 3 2 0 0 2 
  0.000000   0.000000 948.630000 (948.484330)
prob079
time(init) = 0.017866
time(kernel) = 845.705261
len=60: 0 1 3 1 3 1 0 0 2 0 2 3 3 3 1 1 0 0 0 2 2 3 2 0 1 3 3 2 0 1 1 3 2 2 3 1 1 1 0 0 2 0 2 2 3 3 3 1 1 1 0 2 2 3 1 0 0 0 2 2 
  0.000000   0.000000 845.860000 (845.731259)
prob080
time(init) = 0.017756
time(kernel) = 490.316505
len=58: 0 1 1 3 2 0 2 3 1 3 3 1 0 2 2 0 2 3 1 0 1 1 3 2 2 3 2 0 0 0 1 3 3 3 1 1 0 2 2 3 1 0 0 0 1 3 2 0 2 3 3 2 0 1 1 0 2 2 
  0.000000   0.000000 490.410000 (490.342420)
prob081
time(init) = 0.017796
time(kernel) = 364.746152
len=59: 0 1 1 3 2 2 3 1 0 0 2 3 3 3 1 0 0 2 3 1 1 3 1 0 0 0 2 2 3 3 1 0 1 3 2 0 0 2 3 3 1 3 1 0 0 2 3 1 0 0 2 2 3 1 0 2 3 2 0 
  0.000000   0.000000 364.830000 (364.772055)
prob082
time(init) = 0.017900
time(kernel) = 695.022836
len=57: 0 2 3 3 1 0 0 0 2 3 3 3 1 0 0 1 1 3 2 3 2 0 0 1 0 2 2 3 1 3 1 0 0 1 3 3 3 2 0 0 0 1 3 3 3 2 0 2 0 0 1 1 3 2 2 2 0 
  0.010000   0.000000 695.160000 (695.048909)
prob083
time(init) = 0.018106
time(kernel) = 1277.794878
len=56: 1 0 0 2 2 3 3 1 3 1 0 0 2 3 3 2 0 2 0 0 1 1 1 3 2 3 2 2 3 1 0 1 3 2 0 2 0 1 0 1 3 1 0 2 3 3 2 0 0 1 3 3 2 0 0 2 
  0.000000   0.000000 1278.020000 (1277.821114)
prob084
time(init) = 0.017859
time(kernel) = 410.546671
len=58: 0 1 1 0 1 3 2 0 2 3 1 0 1 3 2 3 2 2 3 1 0 0 0 1 3 3 3 2 0 0 2 3 3 1 0 0 1 3 1 3 2 2 0 0 0 1 3 3 2 0 0 2 3 3 1 0 0 2 
  0.000000   0.000000 410.640000 (410.572689)
prob085
time(init) = 0.017864
time(kernel) = 1190.736952
len=59: 2 3 2 0 0 0 1 3 1 3 2 2 0 2 0 1 3 2 3 3 1 0 0 1 3 3 2 0 0 0 2 3 3 1 0 0 1 1 3 2 3 3 2 0 0 0 1 3 2 0 2 3 1 1 1 0 2 2 2 
  0.000000   0.000000 1190.950000 (1190.763098)
prob086
time(init) = 0.017981
time(kernel) = 1819.041763
len=56: 0 2 2 2 3 1 3 1 0 1 3 2 0 0 1 3 2 0 2 3 3 1 3 1 0 0 2 0 2 3 1 3 3 1 0 0 2 0 1 3 2 3 2 3 2 0 1 0 2 3 1 3 2 0 0 0 
  0.000000   0.000000 1819.400000 (1819.067936)
prob087
time(init) = 0.017806
time(kernel) = 2080.218587
len=59: 1 0 0 2 0 2 3 3 2 3 1 1 0 2 2 0 0 1 3 1 3 1 0 2 3 2 2 3 1 1 1 0 2 2 0 2 3 1 3 1 1 0 2 0 2 2 0 1 1 1 3 2 2 0 1 3 2 2 0 
  0.000000   0.000000 2080.540000 (2080.244530)
prob088
time(init) = 0.017929
time(kernel) = 1952.428950
len=57: 0 1 3 1 3 2 2 3 1 1 1 0 2 3 2 0 0 2 3 1 1 0 1 0 2 2 3 3 3 2 0 0 1 1 0 2 2 3 1 3 1 0 1 3 2 0 2 3 1 3 1 0 0 0 2 2 2 
  0.000000   0.000000 1952.730000 (1952.455530)
prob089
time(init) = 0.018134
time(kernel) = 1007.678743
len=59: 0 2 2 2 3 1 1 1 0 2 2 3 1 0 0 2 3 3 3 2 0 0 0 1 3 2 3 1 3 1 0 2 0 1 3 2 2 0 1 3 3 1 0 1 0 2 0 1 3 2 2 3 2 0 0 1 3 2 0 
  0.000000   0.000000 1007.860000 (1007.705153)
prob090
time(init) = 0.018154
time(kernel) = 2056.838205
len=55: 0 0 2 2 3 1 0 2 3 3 1 0 1 3 2 3 1 0 2 3 2 2 0 1 1 0 2 2 3 1 1 0 2 0 1 1 3 2 0 2 2 3 1 1 0 2 3 3 1 1 0 0 2 2 2 
  0.000000   0.000000 2057.430000 (2056.870586)
prob091
time(init) = 0.017880
time(kernel) = 2215.444782
len=57: 0 2 2 3 1 1 3 1 3 2 2 2 0 1 0 1 0 2 2 3 1 3 3 1 0 0 1 3 2 0 0 1 3 2 0 2 3 3 3 1 1 0 0 2 0 2 3 3 3 1 1 0 2 0 0 2 2 
  0.000000   0.000000 2215.800000 (2215.470951)
prob092
time(init) = 0.017945
time(kernel) = 1059.568400
len=62: 2 0 0 0 2 3 2 0 1 3 3 3 1 0 2 2 3 1 0 2 0 1 1 3 1 0 0 2 3 1 0 2 2 3 1 3 2 0 2 0 1 1 3 3 3 2 2 0 1 1 3 1 0 0 2 3 3 2 2 0 0 0 
  0.000000   0.000000 1059.750000 (1059.594530)
prob093
time(init) = 0.018183
time(kernel) = 3035.522625
len=59: 1 3 1 0 2 2 2 3 1 1 1 0 2 2 2 3 1 1 3 3 2 2 0 0 1 1 3 3 1 0 2 3 2 0 1 0 1 3 3 2 2 2 0 1 3 1 0 2 0 1 0 1 3 3 2 0 2 0 2 
  0.000000   0.000000 3036.030000 (3035.549251)
prob094
time(init) = 0.018466
time(kernel) = 840.758503
len=64: 0 0 1 1 1 3 3 3 2 2 2 0 0 0 1 3 3 3 2 0 0 0 1 3 1 3 2 2 0 1 1 3 1 0 2 0 1 3 3 3 2 2 2 0 1 1 0 0 2 3 3 1 1 3 2 2 0 1 0 2 3 2 0 0 
  0.000000   0.000000 841.010000 (840.785298)
prob095
time(init) = 0.018655
time(kernel) = 1485.543807
len=66: 2 2 3 3 1 1 3 1 0 0 0 2 3 1 0 2 2 2 3 1 1 0 2 2 3 3 1 3 2 0 0 1 3 3 1 1 0 0 2 0 2 3 3 2 3 1 1 1 0 0 2 2 3 3 1 1 0 0 0 2 3 1 0 2 2 2 
  0.000000   0.000000 1485.920000 (1485.571047)
prob096
