nohup: ignoring input
prob000
time(init) = 0.036724
time(kernel) = 0.950266
len=45: 2 2 2 0 1 1 3 2 0 2 3 1 3 2 0 0 0 1 1 3 1 3 2 2 0 2 3 1 0 0 1 1 3 3 2 2 3 1 0 2 0 1 0 2 2 
  0.000000   0.000000   0.980000 (  0.995083)
prob001
time(init) = 0.031962
time(kernel) = 1.445981
len=42: 1 1 0 1 3 3 2 0 0 2 3 2 0 1 3 3 1 0 0 2 3 2 3 1 1 0 1 0 2 0 2 3 2 0 1 1 1 3 2 2 0 2 
  0.000000   0.000000   1.490000 (  1.486609)
prob002
time(init) = 0.032144
time(kernel) = 0.946575
len=42: 1 1 3 3 3 2 0 2 3 1 0 0 2 3 1 0 1 3 2 2 0 1 1 1 3 2 3 2 0 0 0 1 3 1 0 2 3 3 2 0 0 2 
  0.000000   0.000000   0.990000 (  0.986989)
prob003
time(init) = 0.031803
time(kernel) = 3.716040
len=49: 1 0 2 3 1 1 0 1 3 2 0 1 0 2 2 3 3 1 0 1 0 2 2 0 1 3 2 2 0 1 1 1 3 2 2 3 2 0 1 3 1 1 0 2 0 2 3 2 0 
  0.000000   0.000000   3.750000 (  3.756456)
prob004
time(init) = 0.033038
time(kernel) = 1.590140
len=41: 3 2 3 1 0 2 2 0 0 1 1 3 2 0 1 3 3 3 2 0 0 2 0 1 1 3 3 3 2 0 0 1 3 1 3 2 2 0 2 0 0 
  0.000000   0.000000   1.630000 (  1.634833)
prob005
time(init) = 0.031677
time(kernel) = 1.813896
len=46: 0 1 3 2 2 3 1 0 0 2 3 3 3 1 0 1 3 1 0 0 2 3 3 1 0 2 3 2 0 0 0 1 3 2 0 2 3 3 1 1 1 0 2 2 2 0 
  0.000000   0.000000   1.850000 (  1.854218)
prob006
time(init) = 0.031842
time(kernel) = 6.883712
len=50: 2 0 1 3 3 2 0 0 1 3 1 1 0 2 2 3 1 3 1 0 0 2 3 3 1 3 2 0 2 3 2 0 0 1 3 1 1 0 2 2 3 3 1 1 0 0 2 2 0 2 
  0.000000   0.000000   6.930000 (  6.924286)
prob007
time(init) = 0.032101
time(kernel) = 2.622625
len=45: 1 1 3 2 3 2 0 2 3 3 1 0 0 0 2 3 1 1 1 3 2 2 2 0 1 1 0 1 3 3 2 2 0 0 2 3 3 3 1 1 0 0 2 2 0 
  0.000000   0.000000   2.650000 (  2.663017)
prob008
time(init) = 0.031943
time(kernel) = 5.509683
len=44: 2 0 1 3 1 0 0 0 2 3 3 1 0 2 2 3 1 1 1 0 0 2 3 1 3 3 2 2 0 1 3 1 0 2 0 1 0 2 2 3 3 2 0 0 
  0.000000   0.000000   5.560000 (  5.550393)
prob009
time(init) = 0.031776
time(kernel) = 5.010800
len=49: 2 0 0 1 3 3 2 2 2 0 1 3 1 0 2 3 2 0 1 0 1 1 3 2 3 2 0 0 2 3 1 0 1 1 3 3 2 3 1 0 2 2 3 1 0 0 2 2 0 
  0.000000   0.000000   5.040000 (  5.051157)
prob010
time(init) = 0.031990
time(kernel) = 1.635963
len=44: 0 0 0 1 1 3 3 3 2 0 2 3 1 0 2 0 1 3 2 2 0 1 1 1 3 3 2 0 0 0 2 2 3 1 0 1 1 3 2 3 2 0 0 2 
  0.000000   0.000000   1.680000 (  1.676770)
prob011
time(init) = 0.032361
time(kernel) = 2.249776
len=53: 3 3 1 0 0 1 3 1 0 0 2 2 3 2 3 3 1 1 0 1 3 2 0 1 0 0 2 3 3 2 3 1 0 1 0 0 2 3 2 2 3 1 1 0 2 0 2 3 3 1 0 0 2 
  0.000000   0.000000   2.280000 (  2.290940)
prob012
time(init) = 0.032048
time(kernel) = 4.622884
len=47: 2 0 2 3 1 0 2 0 1 3 2 3 1 0 1 0 2 2 3 2 3 3 1 1 0 2 2 0 0 1 3 1 1 3 3 2 0 2 2 0 1 3 3 2 0 0 0 
  0.000000   0.000000   4.660000 (  4.663700)
prob013
time(init) = 0.032103
time(kernel) = 3.070816
len=46: 0 2 0 2 3 3 2 0 1 0 0 2 3 3 1 0 1 0 2 2 3 1 1 1 0 2 3 1 3 3 2 2 0 1 0 1 3 2 3 2 2 0 1 0 0 2 
  0.000000   0.000000   3.120000 (  3.111645)
prob014
time(init) = 0.032058
time(kernel) = 3.251367
len=46: 0 0 2 3 2 3 1 0 1 3 3 2 0 0 0 2 3 3 3 1 0 0 0 2 3 3 1 0 1 0 2 3 1 1 0 2 3 1 3 2 3 2 0 0 2 0 
  0.000000   0.000000   3.290000 (  3.292211)
prob015
time(init) = 0.032153
time(kernel) = 15.865529
len=50: 3 2 0 2 3 3 1 0 0 1 0 2 2 3 3 3 1 0 2 2 3 1 1 1 0 0 2 3 1 0 2 0 1 3 2 2 2 3 1 1 1 0 2 0 2 2 3 1 0 2 
  0.000000   0.000000  15.900000 ( 15.906481)
prob016
time(init) = 0.032193
time(kernel) = 9.255694
len=45: 0 1 0 0 2 3 2 2 3 1 3 1 0 0 2 0 1 1 3 2 0 2 2 3 3 1 0 2 3 3 1 0 1 1 0 2 2 0 1 1 3 2 2 0 2 
  0.000000   0.000000   9.300000 (  9.296617)
prob017
time(init) = 0.032081
time(kernel) = 18.372819
len=44: 2 3 3 2 0 0 1 3 1 3 2 0 1 1 3 2 0 1 0 2 3 3 2 3 2 0 1 3 1 1 0 0 0 2 2 3 2 3 1 1 0 0 2 2 
  0.000000   0.000000  18.420000 ( 18.413498)
prob018
time(init) = 0.031853
time(kernel) = 19.662800
len=51: 3 1 3 1 0 0 2 3 1 0 2 2 3 3 2 3 1 0 1 3 2 0 1 0 2 3 2 0 0 1 3 3 1 3 1 0 0 2 2 2 3 1 3 1 1 0 0 2 0 2 2 
  0.000000   0.000000  19.700000 ( 19.703416)
prob019
time(init) = 0.032042
time(kernel) = 20.402236
len=53: 2 3 2 0 0 0 2 3 3 3 1 0 2 0 1 1 3 2 0 1 0 2 3 2 3 1 0 1 1 3 2 3 2 0 0 1 1 3 2 0 1 0 2 3 1 3 3 2 2 0 0 2 0 
  0.000000   0.000000  20.440000 ( 20.443105)
prob020
time(init) = 0.032010
time(kernel) = 14.559475
len=50: 0 2 3 2 3 2 3 1 0 0 2 3 1 1 0 1 3 2 0 0 2 3 2 3 1 1 3 2 0 1 0 0 2 3 3 1 3 1 0 0 0 2 3 1 0 2 2 3 2 0 
  0.000000   0.000000  14.600000 ( 14.600267)
prob021
time(init) = 0.032018
time(kernel) = 23.520338
len=46: 2 3 1 1 1 3 2 0 2 3 1 0 0 0 2 2 3 3 1 0 1 1 0 2 2 2 3 3 3 1 1 0 0 1 0 2 3 1 3 3 2 0 2 2 0 0 
  0.000000   0.000000  23.560000 ( 23.561188)
prob022
time(init) = 0.031988
time(kernel) = 32.865249
len=53: 1 3 1 0 0 2 2 3 2 0 1 1 3 1 3 2 0 2 0 0 1 3 2 0 2 3 1 0 1 1 3 2 3 1 0 2 2 3 3 1 1 0 0 2 2 3 2 3 1 0 2 0 0 
  0.000000   0.000000  32.900000 ( 32.906032)
prob023
time(init) = 0.031877
time(kernel) = 16.364042
len=53: 1 1 3 2 3 3 2 0 2 0 0 1 1 3 2 0 1 1 3 2 3 2 2 3 1 1 0 1 3 2 0 2 0 2 0 1 1 3 1 3 2 3 2 0 0 2 3 3 1 0 0 0 2 
  0.000000   0.000000  16.400000 ( 16.404639)
prob024
time(init) = 0.032109
time(kernel) = 13.831750
len=50: 0 0 2 3 1 1 0 1 3 2 3 2 2 0 1 1 0 2 2 3 1 3 1 0 1 3 2 0 0 1 3 2 2 0 1 0 1 3 2 3 2 2 0 0 1 1 3 2 2 0 
  0.000000   0.000000  13.880000 ( 13.872720)
prob025
time(init) = 0.031907
time(kernel) = 12.749278
len=52: 0 2 2 3 2 0 1 3 3 2 0 0 1 3 1 1 3 2 0 0 2 3 3 1 3 2 2 0 1 1 1 3 2 2 2 0 1 1 0 1 0 2 3 1 3 3 2 0 2 0 2 0 
  0.000000   0.000000  12.790000 ( 12.792771)
prob026
time(init) = 0.032250
time(kernel) = 45.868005
len=52: 1 1 0 0 2 2 0 1 1 3 2 3 2 2 0 0 1 1 3 2 3 3 1 1 0 2 3 2 2 0 0 1 3 2 0 1 0 1 1 3 2 3 2 3 1 0 2 0 1 0 2 2 
  0.000000   0.000000  45.910000 ( 45.909293)
prob027
time(init) = 0.032006
time(kernel) = 30.276187
len=42: 2 2 0 0 0 1 1 3 2 2 2 3 1 1 3 1 0 0 2 3 3 1 0 2 3 2 0 0 1 0 1 3 3 2 2 2 0 1 1 0 2 2 
  0.000000   0.000000  30.320000 ( 30.317011)
prob028
time(init) = 0.032199
time(kernel) = 23.440869
len=49: 1 1 3 2 2 2 0 1 3 3 1 0 1 3 2 3 2 2 0 1 1 0 2 2 3 1 3 1 0 1 3 2 0 2 0 1 0 1 3 3 2 0 1 0 2 3 2 2 0 
  0.000000   0.000000  23.480000 ( 23.481823)
prob029
time(init) = 0.031946
time(kernel) = 12.807659
len=55: 1 1 3 3 2 0 0 2 2 3 3 1 1 0 2 2 3 1 3 1 0 0 1 3 2 2 0 1 3 2 3 1 1 0 0 2 0 1 3 3 2 0 0 2 3 3 2 3 1 1 0 0 0 2 2 
  0.000000   0.000000  12.850000 ( 12.848407)
prob030
time(init) = 0.031884
time(kernel) = 26.855606
len=49: 0 1 0 2 3 1 1 1 0 0 2 2 3 1 3 2 0 2 3 1 3 1 0 1 0 0 2 3 2 2 3 1 3 1 1 0 0 2 2 3 1 3 1 0 0 0 2 2 2 
  0.000000   0.000000  26.890000 ( 26.896437)
prob031
time(init) = 0.033180
time(kernel) = 3.802892
len=56: 0 0 1 1 3 3 2 2 3 1 0 2 0 0 1 1 3 3 3 2 2 0 0 1 3 1 1 3 2 2 2 0 1 1 1 0 0 2 2 3 3 1 1 0 2 0 2 3 3 1 3 2 2 0 0 0 
  0.000000   0.000000   3.840000 (  3.844864)
prob032
time(init) = 0.032658
time(kernel) = 27.934140
len=49: 0 1 3 3 1 3 2 0 1 1 0 0 2 3 2 2 3 1 0 1 3 3 1 0 2 2 3 1 1 0 0 2 2 0 2 3 3 1 0 0 2 3 3 3 1 0 0 0 2 
  0.000000   0.000000  27.980000 ( 27.975457)
prob033
time(init) = 0.032088
time(kernel) = 22.243131
len=49: 0 1 0 2 3 2 3 2 0 0 1 3 2 0 0 1 3 1 3 3 2 0 1 3 1 0 2 3 2 2 0 0 1 0 1 1 3 3 2 0 2 0 1 1 3 2 2 2 0 
  0.000000   0.000000  22.280000 ( 22.284091)
prob034
time(init) = 0.033041
time(kernel) = 28.999503
len=57: 2 2 3 1 3 3 1 0 0 0 2 3 3 2 2 0 1 1 1 0 2 2 3 1 3 2 0 1 3 3 2 0 2 3 1 0 2 0 1 3 1 1 0 2 2 3 1 1 0 2 3 3 2 0 2 0 0 
  0.000000   0.000000  29.050000 ( 29.042397)
prob035
time(init) = 0.031660
time(kernel) = 110.705915
len=49: 2 2 3 1 1 0 2 0 0 2 2 3 1 3 2 3 1 1 0 0 0 1 3 2 2 0 1 1 3 2 3 2 2 3 1 0 0 1 3 3 2 0 2 3 1 0 0 2 0 
  0.000000   0.000000 110.750000 (110.746474)
prob036
time(init) = 0.031001
time(kernel) = 31.098026
len=52: 0 0 2 2 2 3 3 1 0 0 0 2 3 3 1 1 3 2 2 0 1 0 1 0 2 2 3 3 1 3 1 1 0 0 2 2 3 1 1 0 2 0 2 3 3 1 3 2 2 0 0 0 
  0.000000   0.000000  31.140000 ( 31.137935)
prob037
time(init) = 0.030972
time(kernel) = 22.438355
len=56: 0 0 0 2 2 3 1 3 1 0 0 2 3 2 2 3 1 1 0 2 2 3 1 3 1 0 1 0 2 2 3 3 2 0 1 3 1 0 1 0 2 0 2 3 3 3 1 0 1 0 0 2 2 3 2 0 
  0.000000   0.000000  22.480000 ( 22.478199)
prob038
time(init) = 0.030982
time(kernel) = 33.585268
len=54: 1 1 1 3 3 2 2 0 0 1 1 3 2 3 2 3 2 0 0 0 1 1 3 3 3 2 2 0 1 1 0 2 2 3 1 1 1 3 2 2 0 0 0 1 3 1 3 3 2 2 0 0 2 0 
  0.000000   0.000000  33.620000 ( 33.625084)
prob039
time(init) = 0.032076
time(kernel) = 2.010063
len=47: 0 0 1 3 1 0 2 3 3 2 0 2 0 1 1 3 2 3 1 0 1 3 2 3 1 0 2 0 2 3 3 1 0 2 2 3 1 0 0 2 3 1 1 0 2 0 2 
  0.000000   0.000000   2.050000 (  2.050928)
prob040
time(init) = 0.031045
time(kernel) = 13.929589
len=51: 2 2 3 1 0 0 2 3 3 1 3 2 0 1 1 0 1 3 2 3 2 0 0 1 3 3 1 0 2 2 2 0 1 1 0 2 3 3 3 1 0 0 2 3 1 0 1 0 2 2 2 
  0.000000   0.000000  13.960000 ( 13.969458)
prob041
time(init) = 0.030518
time(kernel) = 64.687141
len=52: 1 3 2 2 2 3 1 1 1 0 2 2 0 1 1 3 2 3 3 2 2 0 0 0 1 3 3 3 2 0 0 1 3 1 0 2 0 1 3 2 3 3 1 1 0 2 3 2 2 0 0 0 
  0.000000   0.000000  64.720000 ( 64.726411)
prob042
time(init) = 0.031213
time(kernel) = 33.406820
len=52: 0 0 1 1 0 2 3 3 2 2 0 1 0 1 3 2 3 1 3 2 2 0 0 0 1 3 3 1 1 0 2 2 2 3 1 1 1 0 0 2 3 2 3 1 3 2 2 0 1 0 2 0 
  0.000000   0.000000  33.450000 ( 33.446657)
prob043
time(init) = 0.030469
time(kernel) = 34.284691
len=47: 0 1 3 2 0 0 1 3 2 0 1 1 0 2 2 3 1 0 1 1 3 2 2 0 1 1 3 2 3 2 0 1 3 3 2 2 0 1 1 3 1 0 2 0 0 2 2 
  0.000000   0.010000  34.330000 ( 34.324935)
prob044
time(init) = 0.030955
time(kernel) = 201.371808
len=50: 3 2 2 0 1 1 3 1 0 2 2 3 3 2 0 0 1 3 3 3 2 0 0 0 1 3 3 1 0 0 2 3 1 1 3 2 3 1 0 2 2 3 1 1 0 2 2 2 0 0 
  0.000000   0.000000 201.400000 (201.411554)
prob045
time(init) = 0.031177
time(kernel) = 44.904459
len=56: 0 1 1 3 2 2 2 0 1 1 3 1 0 2 3 3 1 0 2 2 2 0 1 1 1 3 2 3 3 1 0 0 2 3 2 3 1 0 2 2 3 1 1 1 0 2 2 0 1 1 3 2 2 2 0 0 
  0.000000   0.000000  44.940000 ( 44.944457)
prob046
time(init) = 0.030992
time(kernel) = 87.702732
len=48: 1 3 2 2 3 1 3 2 0 1 3 1 0 2 3 2 2 0 0 0 1 3 2 3 1 0 1 1 3 2 2 0 1 0 2 3 2 3 3 1 1 0 0 2 3 2 0 0 
  0.000000   0.000000  87.740000 ( 87.742517)
prob047
time(init) = 0.031012
time(kernel) = 221.772296
len=57: 3 1 0 1 3 3 2 0 2 3 2 0 0 1 3 2 0 1 1 1 3 3 3 2 0 2 0 0 1 3 1 3 3 2 0 2 3 2 0 0 1 1 1 0 2 3 1 3 2 3 2 2 0 0 1 0 2 
  0.000000   0.000000 221.800000 (221.812266)
prob048
time(init) = 0.031613
time(kernel) = 250.726115
len=54: 3 1 0 0 2 0 1 3 2 3 1 0 2 3 2 3 1 0 2 0 2 0 1 3 2 3 3 1 0 0 1 3 2 2 0 1 0 1 3 1 3 2 2 0 0 1 3 3 2 2 0 1 0 2 
  0.000000   0.000000 250.760000 (250.766709)
prob049
time(init) = 0.031086
time(kernel) = 27.976466
len=55: 0 0 0 1 3 1 3 2 0 0 1 3 3 1 0 0 2 3 3 1 3 2 2 0 0 2 3 3 1 0 0 2 3 3 1 0 0 2 0 1 3 1 1 3 3 2 0 0 1 0 2 2 3 2 0 
  0.000000   0.000000  28.010000 ( 28.016421)
prob050
time(init) = 0.031082
time(kernel) = 101.954178
len=55: 0 1 1 0 0 2 3 2 3 1 1 0 1 3 3 2 0 2 3 1 0 0 2 0 1 3 1 0 2 2 3 3 2 3 1 0 1 0 2 2 3 1 1 1 0 2 3 1 3 2 0 0 0 2 2 
  0.000000   0.000000 102.010000 (101.995047)
prob051
time(init) = 0.032926
time(kernel) = 258.652898
len=53: 2 3 3 1 3 2 0 1 0 2 0 1 3 1 0 2 2 3 1 1 1 0 2 2 3 1 1 3 3 2 2 0 1 0 1 3 3 2 0 0 0 1 3 3 3 2 2 2 0 1 0 0 2 
  0.000000   0.000000 258.740000 (258.694667)
prob052
time(init) = 0.031039
time(kernel) = 249.224008
len=54: 3 2 2 0 1 1 3 2 3 2 0 1 3 1 1 0 2 2 3 1 3 1 0 0 2 2 3 3 2 0 0 0 1 1 1 3 2 3 2 3 1 0 2 2 3 1 1 1 0 2 2 2 0 0 
  0.000000   0.000000 249.300000 (249.263924)
prob053
time(init) = 0.031110
time(kernel) = 74.258760
len=54: 0 0 0 2 2 2 3 3 1 1 1 0 0 2 2 3 3 1 3 2 2 0 1 1 1 3 2 0 0 1 3 2 0 2 3 3 1 0 0 0 2 3 3 1 1 0 2 2 0 1 3 2 2 0 
  0.000000   0.000000  74.300000 ( 74.298680)
prob054
time(init) = 0.032453
time(kernel) = 95.442572
len=52: 0 1 3 1 0 2 2 3 3 1 3 2 0 0 1 3 1 0 2 0 2 3 3 1 3 2 0 2 0 0 1 1 1 3 2 3 1 0 2 2 3 2 3 1 0 0 2 3 1 0 0 2 
  0.000000   0.000000  95.510000 ( 95.483910)
prob055
time(init) = 0.031124
time(kernel) = 404.992788
len=51: 3 2 3 3 1 0 2 3 2 0 1 0 2 2 3 1 0 2 3 3 1 1 0 0 2 3 1 1 0 2 0 2 2 3 3 1 1 0 2 3 3 1 0 1 0 2 3 2 0 0 2 
  0.000000   0.000000 405.090000 (405.032835)
prob056
time(init) = 0.031310
time(kernel) = 90.253310
len=54: 1 3 3 2 0 2 0 2 3 1 0 1 3 2 0 1 1 3 2 0 2 2 3 1 3 1 0 2 3 3 2 0 0 1 3 3 1 0 1 0 2 0 2 3 3 3 1 0 0 0 2 3 2 0 
  0.000000   0.000000  90.300000 ( 90.293533)
prob057
time(init) = 0.031024
time(kernel) = 107.514168
len=51: 0 0 1 1 3 3 2 3 2 0 2 0 0 1 1 3 2 3 1 1 3 2 2 2 0 1 0 2 3 1 1 1 0 2 2 0 1 1 3 2 3 2 0 1 3 3 2 0 0 0 2 
  0.000000   0.000000 107.570000 (107.553885)
prob058
time(init) = 0.030396
time(kernel) = 86.709801
len=54: 0 0 1 1 1 3 2 2 3 1 3 1 0 0 2 0 2 3 3 2 0 0 1 3 1 3 3 1 0 2 2 0 1 0 1 3 3 2 2 3 2 0 0 1 3 2 3 1 0 1 0 0 2 2 
  0.000000   0.000000  86.760000 ( 86.748926)
prob059
time(init) = 0.030464
time(kernel) = 163.373094
len=57: 3 2 0 2 3 1 0 1 3 3 3 2 0 2 3 2 0 0 1 0 2 3 1 3 3 1 0 1 0 2 2 3 1 1 0 2 0 2 3 3 2 0 1 1 0 1 3 2 3 3 1 0 2 2 2 0 0 
  0.000000   0.000000 163.440000 (163.412201)
prob060
time(init) = 0.030362
time(kernel) = 109.065230
len=54: 0 2 2 2 3 1 0 1 3 1 3 2 2 3 1 1 0 2 2 0 0 1 1 3 3 2 2 2 0 1 3 3 1 1 0 2 0 2 0 1 3 2 3 3 2 0 1 3 1 0 0 2 2 0 
  0.000000   0.000000 109.120000 (109.104199)
prob061
time(init) = 0.030398
time(kernel) = 198.628334
len=52: 0 2 3 1 3 2 3 1 0 2 0 1 3 3 1 1 0 0 2 2 0 1 3 2 3 3 1 1 0 0 2 2 3 3 1 0 1 0 0 2 2 3 2 3 1 3 2 0 1 0 0 2 
  0.000000   0.000000 198.670000 (198.667408)
prob062
time(init) = 0.030447
time(kernel) = 450.844522
len=54: 3 3 2 0 1 0 2 3 2 2 3 1 0 2 0 0 1 3 1 3 2 2 0 0 1 3 1 3 2 3 1 1 0 0 2 0 1 3 3 2 0 0 2 3 3 3 1 0 2 3 2 0 0 0 
  0.000000   0.000000 450.950000 (450.883668)
nohup: ignoring input
prob063
time(init) = 0.038385
time(kernel) = 76.817262
len=64: 0 0 0 2 2 2 3 1 1 3 1 0 0 2 3 2 3 2 3 1 1 1 0 0 0 2 2 3 3 1 0 2 2 3 1 0 2 3 3 1 1 1 0 0 2 0 1 3 2 2 0 2 3 3 3 1 1 1 0 0 2 2 2 0 
  0.000000   0.000000  76.860000 ( 76.864427)
prob064
time(init) = 0.032081
time(kernel) = 672.651717
len=52: 2 2 2 0 0 1 3 1 1 0 0 2 3 1 0 2 2 2 3 1 1 3 3 2 0 2 0 1 1 3 1 0 2 0 1 3 2 3 3 2 0 1 3 1 0 0 2 0 2 3 2 0 
  0.000000   0.000000 672.820000 (672.692669)
prob065
time(init) = 0.031831
time(kernel) = 239.526881
len=57: 0 1 3 2 3 3 1 1 0 2 0 1 0 2 2 3 1 1 1 3 2 2 2 3 1 1 0 1 3 2 0 2 2 0 1 0 1 3 3 1 0 2 2 3 1 0 0 2 3 3 2 0 1 1 0 2 2 
  0.000000   0.000000 239.610000 (239.567683)
prob066
time(init) = 0.033306
time(kernel) = 417.689667
len=56: 2 3 1 3 1 3 2 2 2 0 0 1 1 3 1 0 0 2 3 2 3 1 0 1 0 2 2 3 3 2 0 0 1 3 1 3 2 3 2 0 0 1 3 3 1 1 0 0 2 2 3 3 2 0 0 0 
  0.000000   0.000000 417.820000 (417.731997)
prob067
time(init) = 0.032169
time(kernel) = 66.428435
len=50: 1 0 2 3 2 3 1 1 0 0 2 3 3 3 1 0 0 1 3 3 2 2 2 0 0 0 1 1 3 2 3 2 0 0 1 3 1 1 3 2 2 0 1 3 3 2 2 0 0 0 
  0.000000   0.000000  66.480000 ( 66.469929)
prob068
time(init) = 0.033068
time(kernel) = 294.148704
len=52: 0 2 3 3 1 1 0 1 0 2 3 2 0 1 3 1 3 2 3 2 0 0 1 1 3 2 2 0 2 3 1 3 1 0 0 2 0 1 3 1 3 3 2 2 0 1 3 2 2 0 0 0 
  0.000000   0.000000 294.250000 (294.190732)
prob069
time(init) = 0.031825
time(kernel) = 631.328787
len=50: 2 2 0 0 1 1 3 1 3 2 3 1 0 0 2 2 2 3 3 1 1 0 1 0 2 2 0 1 1 3 2 0 2 3 1 3 2 2 0 1 1 3 2 3 1 0 0 0 2 2 
  0.000000   0.000000 631.500000 (631.369581)
prob070
time(init) = 0.032990
time(kernel) = 267.262813
len=57: 3 2 2 2 0 1 1 1 0 2 2 3 1 3 2 2 0 1 0 2 0 1 1 3 3 1 0 0 2 3 1 3 3 2 0 0 2 0 2 3 3 1 3 1 0 2 0 0 2 3 3 3 1 0 0 0 2 
  0.000000   0.000000 267.350000 (267.304862)
prob071
time(init) = 0.033436
time(kernel) = 188.372080
len=55: 0 1 1 1 3 2 3 3 2 0 0 2 3 1 0 1 3 2 0 0 1 3 1 3 3 2 0 0 1 3 3 2 0 2 0 0 1 1 3 2 2 2 0 1 1 1 3 2 3 2 3 2 0 0 0 
  0.000000   0.000000 188.450000 (188.414649)
prob072
time(init) = 0.032223
time(kernel) = 355.455647
len=53: 0 1 3 3 2 3 2 0 2 3 1 0 0 1 3 3 2 0 0 2 0 1 3 1 1 3 2 0 0 2 3 2 3 1 3 1 0 0 2 3 3 1 0 0 1 3 3 2 0 0 2 0 2 
  0.000000   0.000000 355.560000 (355.496816)
prob073
time(init) = 0.033113
time(kernel) = 268.582046
len=54: 1 3 1 1 0 2 2 2 3 1 0 1 3 1 3 2 0 2 3 3 2 0 1 1 3 2 0 1 3 1 0 0 2 0 2 2 3 3 3 1 0 0 1 3 3 1 0 0 2 3 2 0 0 2 
  0.000000   0.000000 268.670000 (268.624244)
prob074
time(init) = 0.032133
time(kernel) = 1374.477118
len=59: 1 1 0 2 2 3 1 0 0 0 1 3 2 2 0 1 1 1 3 2 2 2 3 1 0 2 0 1 1 1 3 2 2 2 0 1 1 3 3 1 3 2 2 0 1 1 0 2 3 3 1 0 2 3 2 0 0 0 2 
  0.000000   0.000000 1374.780000 (1374.521987)
prob075
time(init) = 0.035760
time(kernel) = 103.486241
len=53: 3 1 3 2 2 0 2 0 0 1 1 3 3 2 2 0 1 0 1 3 1 0 2 3 3 1 0 2 3 2 3 2 0 1 0 2 0 1 1 3 3 3 2 0 0 0 1 3 3 2 0 2 0 
  0.000000   0.000000 103.540000 (103.531324)
prob076
time(init) = 0.033460
time(kernel) = 523.586941
len=56: 1 3 2 2 2 3 1 1 3 1 0 0 2 0 1 3 3 2 0 2 0 2 3 1 0 1 3 2 3 1 3 2 2 0 1 1 3 2 2 0 0 1 3 1 1 3 2 2 0 1 0 1 0 2 2 2 
  0.000000   0.000000 523.750000 (523.629505)
prob077
time(init) = 0.033187
time(kernel) = 105.513198
len=56: 2 2 0 1 3 3 2 0 2 3 1 0 1 3 2 3 2 0 0 1 1 0 2 3 3 3 1 0 1 3 2 0 0 1 3 2 0 0 2 2 3 1 3 3 1 0 0 2 0 1 3 1 0 2 2 2 
  0.000000   0.000000 105.560000 (105.555386)
prob078
time(init) = 0.034060
time(kernel) = 934.916882
len=57: 0 1 0 2 3 2 0 1 1 3 2 2 2 0 1 1 1 3 2 2 2 3 1 1 1 0 2 3 2 0 0 0 2 3 3 1 1 0 2 3 1 3 2 2 0 0 1 0 1 1 3 2 3 2 0 0 2 
  0.000000   0.000000 935.140000 (934.960172)
prob079
time(init) = 0.033653
time(kernel) = 833.650645
len=60: 0 1 3 1 3 1 0 0 2 0 2 3 3 3 1 1 0 0 0 2 2 3 2 0 1 3 3 2 0 1 1 3 2 2 3 1 1 1 0 0 2 0 2 2 3 3 3 1 1 1 0 2 2 3 1 0 0 0 2 2 
  0.000000   0.000000 833.790000 (833.693328)
prob080
time(init) = 0.033803
time(kernel) = 483.326741
len=58: 0 1 1 3 2 0 2 3 1 3 3 1 0 2 2 0 2 3 1 0 1 1 3 2 2 3 2 0 0 0 1 3 3 3 1 1 0 2 2 3 1 0 0 0 1 3 2 0 2 3 3 2 0 1 1 0 2 2 
  0.000000   0.000000 483.380000 (483.369693)
prob081
time(init) = 0.032651
time(kernel) = 359.523618
len=59: 0 1 1 3 2 2 3 1 0 0 2 3 3 3 1 0 0 2 3 1 1 3 1 0 0 0 2 2 3 3 1 0 1 3 2 0 0 2 3 3 1 3 1 0 0 2 3 1 0 0 2 2 3 1 0 2 3 2 0 
  0.000000   0.000000 359.650000 (359.565360)
prob082
time(init) = 0.033834
time(kernel) = 685.065176
len=57: 0 2 3 3 1 0 0 0 2 3 3 3 1 0 0 1 1 3 2 3 2 0 0 1 0 2 2 3 1 3 1 0 0 1 3 3 3 2 0 0 0 1 3 3 3 2 0 2 0 0 1 1 3 2 2 2 0 
  0.010000   0.000000 685.140000 (685.108060)
prob083
time(init) = 0.033599
time(kernel) = 1259.410536
len=56: 1 0 0 2 2 3 3 1 3 1 0 0 2 3 3 2 0 2 0 0 1 1 1 3 2 3 2 2 3 1 0 1 3 2 0 2 0 1 0 1 3 1 0 2 3 3 2 0 0 1 3 3 2 0 0 2 
  0.000000   0.000000 1259.600000 (1259.453242)
prob084
time(init) = 0.033836
time(kernel) = 404.687195
len=58: 0 1 1 0 1 3 2 0 2 3 1 0 1 3 2 3 2 2 3 1 0 0 0 1 3 3 3 2 0 0 2 3 3 1 0 0 1 3 1 3 2 2 0 0 0 1 3 3 2 0 0 2 3 3 1 0 0 2 
  0.000000   0.000000 404.760000 (404.730154)
prob085
time(init) = 0.032872
time(kernel) = 1173.741016
len=59: 2 3 2 0 0 0 1 3 1 3 2 2 0 2 0 1 3 2 3 3 1 0 0 1 3 3 2 0 0 0 2 3 3 1 0 0 1 1 3 2 3 3 2 0 0 0 1 3 2 0 2 3 1 1 1 0 2 2 2 
  0.000000   0.000000 1173.770000 (1173.784054)
prob086
time(init) = 0.036080
time(kernel) = 1792.953674
len=56: 0 2 2 2 3 1 3 1 0 1 3 2 0 0 1 3 2 0 2 3 3 1 3 1 0 0 2 0 2 3 1 3 3 1 0 0 2 0 1 3 2 3 2 3 2 0 1 0 2 3 1 3 2 0 0 0 
  0.000000   0.000000 1793.360000 (1792.998969)
prob087
time(init) = 0.033833
time(kernel) = 2050.547241
len=59: 1 0 0 2 0 2 3 3 2 3 1 1 0 2 2 0 0 1 3 1 3 1 0 2 3 2 2 3 1 1 1 0 2 2 0 2 3 1 3 1 1 0 2 0 2 2 0 1 1 1 3 2 2 0 1 3 2 2 0 
  0.000000   0.000000 2050.960000 (2050.590180)
prob088
time(init) = 0.033799
time(kernel) = 1924.559862
len=57: 0 1 3 1 3 2 2 3 1 1 1 0 2 3 2 0 0 2 3 1 1 0 1 0 2 2 3 3 3 2 0 0 1 1 0 2 2 3 1 3 1 0 1 3 2 0 2 3 1 3 1 0 0 0 2 2 2 
  0.000000   0.000000 1924.680000 (1924.602754)
prob089
time(init) = 0.033561
time(kernel) = 993.260551
len=59: 0 2 2 2 3 1 1 1 0 2 2 3 1 0 0 2 3 3 3 2 0 0 0 1 3 2 3 1 3 1 0 2 0 1 3 2 2 0 1 3 3 1 0 1 0 2 0 1 3 2 2 3 2 0 0 1 3 2 0 
  0.000000   0.000000 993.290000 (993.304416)
prob090
time(init) = 0.033840
time(kernel) = 2027.420680
len=55: 0 0 2 2 3 1 0 2 3 3 1 0 1 3 2 3 1 0 2 3 2 2 0 1 1 0 2 2 3 1 1 0 2 0 1 1 3 2 0 2 2 3 1 1 0 2 3 3 1 1 0 0 2 2 2 
  0.000000   0.000000 2027.990000 (2027.463728)
prob091
