prob000
  0.010000   0.010000   0.030000 (  0.022974)
prob001
  0.000000   0.000000   0.020000 (  0.030327)
prob002
  0.000000   0.000000   0.030000 (  0.019855)
prob003
  0.000000   0.000000   0.040000 (  0.052092)
prob004
  0.000000   0.000000   0.030000 (  0.030702)
prob005
  0.000000   0.000000   0.040000 (  0.038977)
prob006
  0.000000   0.000000   0.050000 (  0.062008)
prob007
  0.000000   0.000000   0.060000 (  0.054906)
prob008
  0.000000   0.000000   0.060000 (  0.070868)
prob009
  0.000000   0.000000   0.080000 (  0.073164)
prob010
  0.000000   0.000000   0.020000 (  0.031877)
prob011
  0.000000   0.000000   0.030000 (  0.035422)
prob012
  0.000000   0.000000   0.060000 (  0.056516)
prob013
  0.000000   0.000000   0.040000 (  0.048310)
prob014
  0.000000   0.010000   0.050000 (  0.046815)
prob015
  0.000000   0.000000   0.200000 (  0.191485)
prob016
  0.000000   0.000000   0.150000 (  0.166108)
prob017
  0.000000   0.000000   0.200000 (  0.195963)
prob018
  0.000000   0.000000   0.280000 (  0.285624)
prob019
  0.000000   0.000000   0.220000 (  0.230104)
prob020
  0.000000   0.000000   0.170000 (  0.163724)
prob021
  0.000000   0.000000   0.250000 (  0.263406)
prob022
  0.000000   0.000000   0.510000 (  0.510955)
prob023
  0.000000   0.000000   0.210000 (  0.222069)
prob024
  0.000000   0.000000   0.170000 (  0.167431)
prob025
  0.000000   0.000000   0.130000 (  0.141280)
prob026
  0.000000   0.000000   0.700000 (  0.706168)
prob027
  0.000000   0.010000   0.420000 (  0.420468)
prob028
  0.000000   0.000000   0.440000 (  0.438686)
prob029
  0.000000   0.000000   0.470000 (  0.482730)
prob030
  0.000000   0.000000   0.280000 (  0.281818)
prob031
  0.000000   0.000000   0.040000 (  0.049518)
prob032
  0.000000   0.000000   0.360000 (  0.350428)
prob033
  0.000000   0.000000   0.460000 (  0.482517)
prob034
  0.000000   0.000000   0.490000 (  0.489419)
prob035
  0.010000   0.000000   1.430000 (  1.426381)
prob036
  0.000000   0.000000   0.390000 (  0.398793)
prob037
  0.000000   0.000000   0.230000 (  0.238177)
prob038
  0.000000   0.000000   0.430000 (  0.431910)
prob039
  0.000000   0.000000   0.040000 (  0.044895)
prob040
  0.000000   0.000000   0.130000 (  0.135199)
prob041
  0.000000   0.010000   1.300000 (  1.298373)
prob042
  0.000000   0.000000   0.430000 (  0.440341)
prob043
  0.000000   0.000000   0.410000 (  0.407432)
prob044
  0.000000   0.000000   2.070000 (  2.086495)
prob045
  0.000000   0.000000   0.570000 (  0.562639)
prob046
  0.000000   0.000000   0.900000 (  0.919802)
prob047
  0.000000   0.000000   2.730000 (  2.733950)
prob048
  0.000000   0.000000   3.450000 (  3.454734)
prob049
  0.000000   0.000000   0.310000 (  0.319328)
prob050
  0.000000   0.000000   0.960000 (  0.968426)
prob051
  0.000000   0.000000   2.250000 (  2.255392)
prob052
  0.000000   0.000000   2.430000 (  2.445445)
prob053
  0.000000   0.000000   0.920000 (  0.915029)
prob054
  0.000000   0.000000   1.380000 (  1.384491)
prob055
  0.000000   0.010000   5.430000 (  5.435065)
prob056
  0.000000   0.000000   1.420000 (  1.429460)
prob057
  0.000000   0.000000   1.400000 (  1.408461)
prob058
  0.000000   0.000000   1.080000 (  1.092858)
prob059
  0.000000   0.000000   1.750000 (  1.747540)
prob060
  0.000000   0.000000   1.330000 (  1.338069)
prob061
  0.000000   0.000000   2.110000 (  2.117681)
prob062
  0.000000   0.000000   5.330000 (  5.339514)
prob063
  0.000000   0.000000   0.820000 (  0.825261)
prob064
  0.000000   0.000000   8.010000 (  8.020245)
prob065
  0.000000   0.000000   2.600000 (  2.609339)
prob066
  0.000000   0.000000   5.090000 (  5.352992)
prob067
  0.000000   0.000000   0.910000 (  0.947781)
prob068
  0.000000   0.000000   3.450000 (  3.559059)
prob069
  0.000000   0.010000   5.900000 (  6.012170)
prob070
  0.000000   0.000000   3.260000 (  3.297627)
prob071
  0.000000   0.000000   2.390000 (  2.468312)
prob072
  0.000000   0.000000   6.900000 (  6.992836)
prob073
  0.000000   0.000000   3.960000 (  3.975542)
prob074
  0.000000   0.000000  15.560000 ( 15.584755)
prob075
  0.000000   0.000000   1.360000 (  1.377982)
prob076
  0.000000   0.000000   7.910000 (  7.913975)
prob077
  0.000000   0.000000   1.300000 (  1.311146)
prob078
  0.000000   0.000000  12.320000 ( 12.335341)
prob079
  0.000000   0.000000   9.930000 (  9.960158)
prob080
  0.000000   0.000000   5.680000 (  5.686793)
prob081
  0.000000   0.000000   4.130000 (  4.139561)
prob082
  0.000000   0.000000   5.640000 (  5.652450)
prob083
  0.000000   0.010000  21.680000 ( 21.759951)
prob084
  0.000000   0.000000   4.530000 (  4.537436)
prob085
  0.000000   0.000000  13.420000 ( 13.439978)
prob086
  0.000000   0.000000  20.770000 ( 20.795640)
prob087
  0.000000   0.000000  28.220000 ( 28.252958)
prob088
  0.000000   0.000000  22.970000 ( 23.011671)
prob089
  0.000000   0.000000  11.400000 ( 11.420138)
prob090
  0.000000   0.000000  25.740000 ( 25.769115)
prob091
  0.000000   0.000000  25.670000 ( 25.728988)
prob092
  0.000000   0.000000  11.070000 ( 11.089053)
prob093
  0.000000   0.000000  37.850000 ( 37.907373)
prob094
  0.000000   0.000000   9.520000 (  9.534606)
prob095
  0.000000   0.000000  12.200000 ( 12.222431)
prob096
  0.000000   0.000000  67.550000 ( 67.672505)
prob097
  0.000000   0.010000  40.900000 ( 40.942241)
prob098
  0.000000   0.000000 114.160000 (114.322373)
prob099
  0.000000   0.000000 132.050000 (132.663428)

758s
