prob000
len=45: 2 2 2 0 1 1 3 2 0 2 3 1 3 2 0 0 0 1 1 3 1 3 2 2 0 2 3 1 0 0 1 1 3 3 2 2 3 1 0 2 0 1 0 2 2 
  0.000000   0.000000   0.990000 (  1.007390)
prob001
len=42: 1 1 0 1 3 3 2 0 0 2 3 2 0 1 3 3 1 0 0 2 3 2 3 1 1 0 1 0 2 0 2 3 2 0 1 1 1 3 2 2 0 2 
  0.000000   0.000000   1.510000 (  1.509248)
prob002
len=42: 1 1 3 3 3 2 0 2 3 1 0 0 2 3 1 0 1 3 2 2 0 1 1 1 3 2 3 2 0 0 0 1 3 1 0 2 3 3 2 0 0 2 
  0.000000   0.000000   1.000000 (  1.002224)
prob003
len=49: 1 0 2 3 1 1 0 1 3 2 0 1 0 2 2 3 3 1 0 1 0 2 2 0 1 3 2 2 0 1 1 1 3 2 2 3 2 0 1 3 1 1 0 2 0 2 3 2 0 
  0.000000   0.000000   3.810000 (  3.807685)
prob004
len=41: 3 2 3 1 0 2 2 0 0 1 1 3 2 0 1 3 3 3 2 0 0 2 0 1 1 3 3 3 2 0 0 1 3 1 3 2 2 0 2 0 0 
  0.000000   0.000000   1.650000 (  1.651110)
prob005
len=46: 0 1 3 2 2 3 1 0 0 2 3 3 3 1 0 1 3 1 0 0 2 3 3 1 0 2 3 2 0 0 0 1 3 2 0 2 3 3 1 1 1 0 2 2 2 0 
  0.000000   0.000000   1.870000 (  1.882738)
prob006
len=50: 2 0 1 3 3 2 0 0 1 3 1 1 0 2 2 3 1 3 1 0 0 2 3 3 1 3 2 0 2 3 2 0 0 1 3 1 1 0 2 2 3 3 1 1 0 0 2 2 0 2 
  0.000000   0.000000   7.010000 (  7.012078)
prob007
len=45: 1 1 3 2 3 2 0 2 3 3 1 0 0 0 2 3 1 1 1 3 2 2 2 0 1 1 0 1 3 3 2 2 0 0 2 3 3 3 1 1 0 0 2 2 0 
  0.000000   0.000000   2.700000 (  2.702399)
prob008
len=44: 2 0 1 3 1 0 0 0 2 3 3 1 0 2 2 3 1 1 1 0 0 2 3 1 3 3 2 2 0 1 3 1 0 2 0 1 0 2 2 3 3 2 0 0 
  0.000000   0.000000   5.620000 (  5.624127)
prob009
len=49: 2 0 0 1 3 3 2 2 2 0 1 3 1 0 2 3 2 0 1 0 1 1 3 2 3 2 0 0 2 3 1 0 1 1 3 3 2 3 1 0 2 2 3 1 0 0 2 2 0 
  0.000000   0.000000   5.130000 (  5.117936)
prob010
len=44: 0 0 0 1 1 3 3 3 2 0 2 3 1 0 2 0 1 3 2 2 0 1 1 1 3 3 2 0 0 0 2 2 3 1 0 1 1 3 2 3 2 0 0 2 
  0.000000   0.000000   1.690000 (  1.699053)
prob011
len=53: 3 3 1 0 0 1 3 1 0 0 2 2 3 2 3 3 1 1 0 1 3 2 0 1 0 0 2 3 3 2 3 1 0 1 0 0 2 3 2 2 3 1 1 0 2 0 2 3 3 1 0 0 2 
  0.000000   0.000000   2.320000 (  2.321067)
prob012
len=47: 2 0 2 3 1 0 2 0 1 3 2 3 1 0 1 0 2 2 3 2 3 3 1 1 0 2 2 0 0 1 3 1 1 3 3 2 0 2 2 0 1 3 3 2 0 0 0 
  0.000000   0.000000   4.730000 (  4.725875)
prob013
len=46: 0 2 0 2 3 3 2 0 1 0 0 2 3 3 1 0 1 0 2 2 3 1 1 1 0 2 3 1 3 3 2 2 0 1 0 1 3 2 3 2 2 0 1 0 0 2 
  0.010000   0.000000   3.150000 (  3.151600)
prob014
len=46: 0 0 2 3 2 3 1 0 1 3 3 2 0 0 0 2 3 3 3 1 0 0 0 2 3 3 1 0 1 0 2 3 1 1 0 2 3 1 3 2 3 2 0 0 2 0 
  0.000000   0.000000   3.330000 (  3.334516)
prob015
len=50: 3 2 0 2 3 3 1 0 0 1 0 2 2 3 3 3 1 0 2 2 3 1 1 1 0 0 2 3 1 0 2 0 1 3 2 2 2 3 1 1 1 0 2 0 2 2 3 1 0 2 
  0.000000   0.000000  16.100000 ( 16.105482)
prob016
len=45: 0 1 0 0 2 3 2 2 3 1 3 1 0 0 2 0 1 1 3 2 0 2 2 3 3 1 0 2 3 3 1 0 1 1 0 2 2 0 1 1 3 2 2 0 2 
  0.000000   0.010000   9.430000 (  9.416860)
prob017
len=44: 2 3 3 2 0 0 1 3 1 3 2 0 1 1 3 2 0 1 0 2 3 3 2 3 2 0 1 3 1 1 0 0 0 2 2 3 2 3 1 1 0 0 2 2 
  0.000000   0.000000  18.650000 ( 18.645145)
prob018
len=51: 3 1 3 1 0 0 2 3 1 0 2 2 3 3 2 3 1 0 1 3 2 0 1 0 2 3 2 0 0 1 3 3 1 3 1 0 0 2 2 2 3 1 3 1 1 0 0 2 0 2 2 
  0.000000   0.000000  19.950000 ( 19.951943)
prob019
len=53: 2 3 2 0 0 0 2 3 3 3 1 0 2 0 1 1 3 2 0 1 0 2 3 2 3 1 0 1 1 3 2 3 2 0 0 1 1 3 2 0 1 0 2 3 1 3 3 2 2 0 0 2 0 
  0.000000   0.000000  20.690000 ( 20.697910)
prob020
len=50: 0 2 3 2 3 2 3 1 0 0 2 3 1 1 0 1 3 2 0 0 2 3 2 3 1 1 3 2 0 1 0 0 2 3 3 1 3 1 0 0 0 2 3 1 0 2 2 3 2 0 
  0.000000   0.000000  14.780000 ( 14.772098)
prob021
len=46: 2 3 1 1 1 3 2 0 2 3 1 0 0 0 2 2 3 3 1 0 1 1 0 2 2 2 3 3 3 1 1 0 0 1 0 2 3 1 3 3 2 0 2 2 0 0 
  0.000000   0.000000  23.850000 ( 23.859219)
prob022
len=53: 1 3 1 0 0 2 2 3 2 0 1 1 3 1 3 2 0 2 0 0 1 3 2 0 2 3 1 0 1 1 3 2 3 1 0 2 2 3 3 1 1 0 0 2 2 3 2 3 1 0 2 0 0 
  0.000000   0.000000  33.310000 ( 33.309713)
prob023
len=53: 1 1 3 2 3 3 2 0 2 0 0 1 1 3 2 0 1 1 3 2 3 2 2 3 1 1 0 1 3 2 0 2 0 2 0 1 1 3 1 3 2 3 2 0 0 2 3 3 1 0 0 0 2 
  0.000000   0.000000  16.610000 ( 16.611948)
prob024
len=50: 0 0 2 3 1 1 0 1 3 2 3 2 2 0 1 1 0 2 2 3 1 3 1 0 1 3 2 0 0 1 3 2 2 0 1 0 1 3 2 3 2 2 0 0 1 1 3 2 2 0 
  0.000000   0.000000  14.040000 ( 14.043747)
prob025
len=52: 0 2 2 3 2 0 1 3 3 2 0 0 1 3 1 1 3 2 0 0 2 3 3 1 3 2 2 0 1 1 1 3 2 2 2 0 1 1 0 1 0 2 3 1 3 3 2 0 2 0 2 0 
  0.000000   0.000000  12.960000 ( 12.950539)
prob026
len=52: 1 1 0 0 2 2 0 1 1 3 2 3 2 2 0 0 1 1 3 2 3 3 1 1 0 2 3 2 2 0 0 1 3 2 0 1 0 1 1 3 2 3 2 3 1 0 2 0 1 0 2 2 
  0.000000   0.000000  46.470000 ( 46.476764)
prob027
len=42: 2 2 0 0 0 1 1 3 2 2 2 3 1 1 3 1 0 0 2 3 3 1 0 2 3 2 0 0 1 0 1 3 3 2 2 2 0 1 1 0 2 2 
  0.000000   0.000000  30.700000 ( 30.701944)
prob028
len=49: 1 1 3 2 2 2 0 1 3 3 1 0 1 3 2 3 2 2 0 1 1 0 2 2 3 1 3 1 0 1 3 2 0 2 0 1 0 1 3 3 2 0 1 0 2 3 2 2 0 
  0.000000   0.000000  23.770000 ( 23.774435)
prob029
len=55: 1 1 3 3 2 0 0 2 2 3 3 1 1 0 2 2 3 1 3 1 0 0 1 3 2 2 0 1 3 2 3 1 1 0 0 2 0 1 3 3 2 0 0 2 3 3 2 3 1 1 0 0 0 2 2 
  0.000000   0.000000  13.010000 ( 13.011039)
prob030
len=49: 0 1 0 2 3 1 1 1 0 0 2 2 3 1 3 2 0 2 3 1 3 1 0 1 0 0 2 3 2 2 3 1 3 1 1 0 0 2 2 3 1 3 1 0 0 0 2 2 2 
  0.000000   0.000000  27.230000 ( 27.235677)
prob031
len=56: 0 0 1 1 3 3 2 2 3 1 0 2 0 0 1 1 3 3 3 2 2 0 0 1 3 1 1 3 2 2 2 0 1 1 1 0 0 2 2 3 3 1 1 0 2 0 2 3 3 1 3 2 2 0 0 0 
  0.000000   0.000000   3.900000 (  3.894045)
prob032
len=49: 0 1 3 3 1 3 2 0 1 1 0 0 2 3 2 2 3 1 0 1 3 3 1 0 2 2 3 1 1 0 0 2 2 0 2 3 3 1 0 0 2 3 3 3 1 0 0 0 2 
  0.000000   0.000000  28.320000 ( 28.323728)
prob033
len=49: 0 1 0 2 3 2 3 2 0 0 1 3 2 0 0 1 3 1 3 3 2 0 1 3 1 0 2 3 2 2 0 0 1 0 1 1 3 3 2 0 2 0 1 1 3 2 2 2 0 
  0.000000   0.000000  22.550000 ( 22.559260)
prob034
len=57: 2 2 3 1 3 3 1 0 0 0 2 3 3 2 2 0 1 1 1 0 2 2 3 1 3 2 0 1 3 3 2 0 2 3 1 0 2 0 1 3 1 1 0 2 2 3 1 1 0 2 3 3 2 0 2 0 0 
  0.000000   0.000000  29.400000 ( 29.399347)
prob035
len=49: 2 2 3 1 1 0 2 0 0 2 2 3 1 3 2 3 1 1 0 0 0 1 3 2 2 0 1 1 3 2 3 2 2 3 1 0 0 1 3 3 2 0 2 3 1 0 0 2 0 
  0.000000   0.000000 112.140000 (112.123958)
prob036
len=52: 0 0 2 2 2 3 3 1 0 0 0 2 3 3 1 1 3 2 2 0 1 0 1 0 2 2 3 3 1 3 1 1 0 0 2 2 3 1 1 0 2 0 2 3 3 1 3 2 2 0 0 0 
  0.000000   0.000000  31.530000 ( 31.527472)
prob037
len=56: 0 0 0 2 2 3 1 3 1 0 0 2 3 2 2 3 1 1 0 2 2 3 1 3 1 0 1 0 2 2 3 3 2 0 1 3 1 0 1 0 2 0 2 3 3 3 1 0 1 0 0 2 2 3 2 0 
  0.000000   0.000000  22.750000 ( 22.753829)
prob038
len=54: 1 1 1 3 3 2 2 0 0 1 1 3 2 3 2 3 2 0 0 0 1 1 3 3 3 2 2 0 1 1 0 2 2 3 1 1 1 3 2 2 0 0 0 1 3 1 3 3 2 2 0 0 2 0 
  0.000000   0.000000  34.040000 ( 34.039096)
prob039
len=47: 0 0 1 3 1 0 2 3 3 2 0 2 0 1 1 3 2 3 1 0 1 3 2 3 1 0 2 0 2 3 3 1 0 2 2 3 1 0 0 2 3 1 1 0 2 0 2 
  0.000000   0.000000   2.070000 (  2.077296)
*prob040
.len=51: 2 2 3 1 0 0 2 3 3 1 3 2 0 1 1 0 1 3 2 3 2 0 0 1 3 3 1 0 2 2 2 0 1 1 0 2 3 3 3 1 0 0 2 3 1 0 1 0 2 2 2 
  0.000000   0.000000  14.130000 ( 14.148458)
prob041
.len=52: 1 3 2 2 2 3 1 1 1 0 2 2 0 1 1 3 2 3 3 2 2 0 0 0 1 3 3 3 2 0 0 1 3 1 0 2 0 1 3 2 3 3 1 1 0 2 3 2 2 0 0 0 
  0.000000   0.000000  65.540000 ( 65.524748)
prob042
.len=52: 0 0 1 1 0 2 3 3 2 2 0 1 0 1 3 2 3 1 3 2 2 0 0 0 1 3 3 1 1 0 2 2 2 3 1 1 1 0 0 2 3 2 3 1 3 2 2 0 1 0 2 0 
  0.000000   0.000000  33.860000 ( 33.862333)
prob043
.len=47: 0 1 3 2 0 0 1 3 2 0 1 1 0 2 2 3 1 0 1 1 3 2 2 0 1 1 3 2 3 2 0 1 3 3 2 2 0 1 1 3 1 0 2 0 0 2 2 
  0.000000   0.000000  34.760000 ( 34.752779)
prob044
.len=50: 3 2 2 0 1 1 3 1 0 2 2 3 3 2 0 0 1 3 3 3 2 0 0 0 1 3 3 1 0 0 2 3 1 1 3 2 3 1 0 2 2 3 1 1 0 2 2 2 0 0 
  0.000000   0.000000 203.910000 (203.887400)
prob045
.len=56: 0 1 1 3 2 2 2 0 1 1 3 1 0 2 3 3 1 0 2 2 2 0 1 1 1 3 2 3 3 1 0 0 2 3 2 3 1 0 2 2 3 1 1 1 0 2 2 0 1 1 3 2 2 2 0 0 
  0.000000   0.000000  45.490000 ( 45.487574)
prob046
.len=48: 1 3 2 2 3 1 3 2 0 1 3 1 0 2 3 2 2 0 0 0 1 3 2 3 1 0 1 1 3 2 2 0 1 0 2 3 2 3 3 1 1 0 0 2 3 2 0 0 
  0.010000   0.000000  88.830000 ( 88.822551)
prob047
.len=57: 3 1 0 1 3 3 2 0 2 3 2 0 0 1 3 2 0 1 1 1 3 3 3 2 0 2 0 0 1 3 1 3 3 2 0 2 3 2 0 0 1 1 1 0 2 3 1 3 2 3 2 2 0 0 1 0 2 
  0.000000   0.000000 224.510000 (224.501192)
prob048
.len=54: 3 1 0 0 2 0 1 3 2 3 1 0 2 3 2 3 1 0 2 0 2 0 1 3 2 3 3 1 0 0 1 3 2 2 0 1 0 1 3 1 3 2 2 0 0 1 3 3 2 2 0 1 0 2 
  0.000000   0.000000 253.820000 (253.824786)
prob049
*len=55: 0 0 0 1 3 1 3 2 0 0 1 3 3 1 0 0 2 3 3 1 3 2 2 0 0 2 3 3 1 0 0 2 3 3 1 0 0 2 0 1 3 1 1 3 3 2 0 0 1 0 2 2 3 2 0 
  0.000000   0.000000  28.360000 ( 28.363693)
prob050
.len=55: 0 1 1 0 0 2 3 2 3 1 1 0 1 3 3 2 0 2 3 1 0 0 2 0 1 3 1 0 2 2 3 3 2 3 1 0 1 0 2 2 3 1 1 1 0 2 3 1 3 2 0 0 0 2 2 
  0.000000   0.000000 103.250000 (103.250807)
prob051
.len=53: 2 3 3 1 3 2 0 1 0 2 0 1 3 1 0 2 2 3 1 1 1 0 2 2 3 1 1 3 3 2 2 0 1 0 1 3 3 2 0 0 0 1 3 3 3 2 2 2 0 1 0 0 2 
  0.000000   0.000000 261.890000 (261.883746)
prob052
.len=54: 3 2 2 0 1 1 3 2 3 2 0 1 3 1 1 0 2 2 3 1 3 1 0 0 2 2 3 3 2 0 0 0 1 1 1 3 2 3 2 3 1 0 2 2 3 1 1 1 0 2 2 2 0 0 
  0.000000   0.000000 252.340000 (252.329934)
prob053
.len=54: 0 0 0 2 2 2 3 3 1 1 1 0 0 2 2 3 3 1 3 2 2 0 1 1 1 3 2 0 0 1 3 2 0 2 3 3 1 0 0 0 2 3 3 1 1 0 2 2 0 1 3 2 2 0 
  0.000000   0.000000  75.220000 ( 75.221579)
prob054
.len=52: 0 1 3 1 0 2 2 3 3 1 3 2 0 0 1 3 1 0 2 0 2 3 3 1 3 2 0 2 0 0 1 1 1 3 2 3 1 0 2 2 3 2 3 1 0 0 2 3 1 0 0 2 
  0.000000   0.000000  96.690000 ( 96.665873)
prob055
.len=51: 3 2 3 3 1 0 2 3 2 0 1 0 2 2 3 1 0 2 3 3 1 1 0 0 2 3 1 1 0 2 0 2 2 3 3 1 1 0 2 3 3 1 0 1 0 2 3 2 0 0 2 
  0.000000   0.000000 410.080000 (410.037673)
prob056
.len=54: 1 3 3 2 0 2 0 2 3 1 0 1 3 2 0 1 1 3 2 0 2 2 3 1 3 1 0 2 3 3 2 0 0 1 3 3 1 0 1 0 2 0 2 3 3 3 1 0 0 0 2 3 2 0 
  0.000000   0.000000  91.410000 ( 91.416865)
prob057
.len=51: 0 0 1 1 3 3 2 3 2 0 2 0 0 1 1 3 2 3 1 1 3 2 2 2 0 1 0 2 3 1 1 1 0 2 2 0 1 1 3 2 3 2 0 1 3 3 2 0 0 0 2 
  0.000000   0.000000 108.910000 (108.884513)
prob058
.len=54: 0 0 1 1 1 3 2 2 3 1 3 1 0 0 2 0 2 3 3 2 0 0 1 3 1 3 3 1 0 2 2 0 1 0 1 3 3 2 2 3 2 0 0 1 3 2 3 1 0 1 0 0 2 2 
  0.000000   0.000000  87.760000 ( 87.763752)
prob059
*len=57: 3 2 0 2 3 1 0 1 3 3 3 2 0 2 3 2 0 0 1 0 2 3 1 3 3 1 0 1 0 2 2 3 1 1 0 2 0 2 3 3 2 0 1 1 0 1 3 2 3 3 1 0 2 2 2 0 0 
  0.000000   0.000000 165.440000 (165.411146)
prob060
.len=54: 0 2 2 2 3 1 0 1 3 1 3 2 2 3 1 1 0 2 2 0 0 1 1 3 3 2 2 2 0 1 3 3 1 1 0 2 0 2 0 1 3 2 3 3 2 0 1 3 1 0 0 2 2 0 
  0.000000   0.000000 110.080000 (110.092507)
prob061
.len=52: 0 2 3 1 3 2 3 1 0 2 0 1 3 3 1 1 0 0 2 2 0 1 3 2 3 3 1 1 0 0 2 2 3 3 1 0 1 0 0 2 2 3 2 3 1 3 2 0 1 0 0 2 
  0.000000   0.000000 201.130000 (201.092801)
prob062
.len=54: 3 3 2 0 1 0 2 3 2 2 3 1 0 2 0 0 1 3 1 3 2 2 0 0 1 3 1 3 2 3 1 1 0 0 2 0 1 3 3 2 0 0 2 3 3 3 1 0 2 3 2 0 0 0 
  0.000000   0.000000 456.390000 (456.379895)
prob063
.len=64: 0 0 0 2 2 2 3 1 1 3 1 0 0 2 3 2 3 2 3 1 1 1 0 0 0 2 2 3 3 1 0 2 2 3 1 0 2 3 3 1 1 1 0 0 2 0 1 3 2 2 0 2 3 3 3 1 1 1 0 0 2 2 2 0 
  0.000000   0.000000  77.400000 ( 77.392108)
prob064
.len=52: 2 2 2 0 0 1 3 1 1 0 0 2 3 1 0 2 2 2 3 1 1 3 3 2 0 2 0 1 1 3 1 0 2 0 1 3 2 3 3 2 0 1 3 1 0 0 2 0 2 3 2 0 
  0.000000   0.000000 675.380000 (675.270004)
prob065
.len=57: 0 1 3 2 3 3 1 1 0 2 0 1 0 2 2 3 1 1 1 3 2 2 2 3 1 1 0 1 3 2 0 2 2 0 1 0 1 3 3 1 0 2 2 3 1 0 0 2 3 3 2 0 1 1 0 2 2 
  0.000000   0.000000 241.250000 (241.212906)
prob066
.len=56: 2 3 1 3 1 3 2 2 2 0 0 1 1 3 1 0 0 2 3 2 3 1 0 1 0 2 2 3 3 2 0 0 1 3 1 3 2 3 2 0 0 1 3 3 1 1 0 0 2 2 3 3 2 0 0 0 
  0.000000   0.000000 420.600000 (420.607161)
prob067
.len=50: 1 0 2 3 2 3 1 1 0 0 2 3 3 3 1 0 0 1 3 3 2 2 2 0 0 0 1 1 3 2 3 2 0 0 1 3 1 1 3 2 2 0 1 3 3 2 2 0 0 0 
  0.000000   0.000000  66.720000 ( 66.718591)
prob068
.len=52: 0 2 3 3 1 1 0 1 0 2 3 2 0 1 3 1 3 2 3 2 0 0 1 1 3 2 2 0 2 3 1 3 1 0 0 2 0 1 3 1 3 3 2 2 0 1 3 2 2 0 0 0 
  0.000000   0.000000 296.220000 (296.222856)
prob069
*len=50: 2 2 0 0 1 1 3 1 3 2 3 1 0 0 2 2 2 3 3 1 1 0 1 0 2 2 0 1 1 3 2 0 2 3 1 3 2 2 0 1 1 3 2 3 1 0 0 0 2 2 
  0.000000   0.000000 633.800000 (633.724149)
prob070
.len=57: 3 2 2 2 0 1 1 1 0 2 2 3 1 3 2 2 0 1 0 2 0 1 1 3 3 1 0 0 2 3 1 3 3 2 0 0 2 0 2 3 3 1 3 1 0 2 0 0 2 3 3 3 1 0 0 0 2 
  0.000000   0.000000 269.130000 (269.153233)
prob071
.len=55: 0 1 1 1 3 2 3 3 2 0 0 2 3 1 0 1 3 2 0 0 1 3 1 3 3 2 0 0 1 3 3 2 0 2 0 0 1 1 3 2 2 2 0 1 1 1 3 2 3 2 3 2 0 0 0 
  0.000000   0.000000 189.740000 (189.706372)
prob072
.len=53: 0 1 3 3 2 3 2 0 2 3 1 0 0 1 3 3 2 0 0 2 0 1 3 1 1 3 2 0 0 2 3 2 3 1 3 1 0 0 2 3 3 1 0 0 1 3 3 2 0 0 2 0 2 
  0.000000   0.000000 357.980000 (357.991045)
prob073
.len=54: 1 3 1 1 0 2 2 2 3 1 0 1 3 1 3 2 0 2 3 3 2 0 1 1 3 2 0 1 3 1 0 0 2 0 2 2 3 3 3 1 0 0 1 3 3 1 0 0 2 3 2 0 0 2 
  0.000000   0.000000 270.550000 (270.509616)
prob074
.len=59: 1 1 0 2 2 3 1 0 0 0 1 3 2 2 0 1 1 1 3 2 2 2 3 1 0 2 0 1 1 1 3 2 2 2 0 1 1 3 3 1 3 2 2 0 1 1 0 2 3 3 1 0 2 3 2 0 0 0 2 
  0.000000   0.000000 1379.630000 (1379.642384)
prob075
.len=53: 3 1 3 2 2 0 2 0 0 1 1 3 3 2 2 0 1 0 1 3 1 0 2 3 3 1 0 2 3 2 3 2 0 1 0 2 0 1 1 3 3 3 2 0 0 0 1 3 3 2 0 2 0 
  0.000000   0.000000 103.920000 (103.910073)
prob076
