0.070000
0.100000
0.060000
0.130000
0.070000
0.190000
0.160000
0.140000
0.110000
0.200000
0.200000
0.100000
0.160000
0.200000
0.480000
0.280000
0.260000
0.270000
0.280000
0.600000
0.280000
0.440000
0.470000
0.320000
0.350000
0.320000
0.310000
0.330000
0.600000
0.700000
1.080000
0.240000
0.620000
0.550000
0.550000
0.700000
0.960000
0.740000
0.910000
0.140000
0.380000
0.900000
0.840000
0.390000
1.090000
1.720000
1.710000
2.200000
1.540000
2.410000
1.460000
2.290000
1.880000
1.410000
1.470000
2.530000
2.140000
1.620000
2.230000
2.790000
3.300000
2.290000
1.730000
2.840000
4.650000
5.850000
3.340000
0.890000
4.020000
4.530000
1.320000
4.070000
4.620000
7.320000
7.170000
0.910000
10.630000
4.690000
8.910000
7.180000
8.880000
7.090000
13.040000
15.560000
7.910000
7.900000
40.730000
21.560000
27.710000
11.850000
25.860000
29.570000
12.550000
29.880000
88.750000
14.540000
100.720000
36.550000
173.700000
256.410000
