0.980000
1.490000
0.990000
3.750000
1.630000
1.850000
6.930000
2.650000
5.560000
5.040000
1.680000
2.280000
4.660000
3.120000
3.290000
15.900000
9.300000
18.420000
19.700000
20.440000
14.600000
23.560000
32.900000
16.400000
13.880000
12.790000
45.910000
30.320000
23.480000
12.850000
26.890000
3.840000
27.980000
22.280000
29.050000
110.750000
31.140000
22.480000
33.620000
2.050000
13.960000
64.720000
33.450000
34.330000
201.400000
44.940000
87.740000
221.800000
250.760000
28.010000
102.010000
258.740000
249.300000
74.300000
95.510000
405.090000
90.300000
107.570000
86.760000
163.440000
109.120000
198.670000
450.950000
76.860000
672.820000
239.610000
417.820000
66.480000
294.250000
631.500000
267.350000
188.450000
355.560000
268.670000
1374.780000
103.540000
523.750000
105.560000
935.140000
833.790000
483.380000
359.650000
685.140000
1259.600000
404.760000
1173.770000
1793.360000
2050.960000
1924.680000
993.290000
2027.990000
