3.850000
5.870000
3.830000
15.000000
6.430000
7.330000
27.910000
10.580000
22.220000
20.240000
6.620000
9.100000
18.710000
12.390000
13.150000
64.120000
37.310000
74.060000
79.290000
82.610000
58.810000
95.020000
133.310000
66.270000
56.010000
51.740000
184.960000
121.680000
94.610000
51.950000
108.220000
15.410000
112.880000
89.750000
117.310000
445.530000
125.490000
90.930000
136.080000
8.140000
56.400000
261.570000
134.880000
138.190000
811.320000
181.670000
352.700000
896.910000
1011.590000
113.360000
412.900000
1044.740000
1007.970000
299.890000
385.140000
1633.090000
364.300000
433.910000
349.280000
663.120000
439.250000
803.430000
1824.810000
311.180000
2692.470000
960.420000
1677.810000
265.510000
1180.220000
2522.610000
1076.640000
758.200000
1424.270000
1077.020000
5500.210000
413.620000
2100.500000
424.630000
3763.800000
3362.540000
1944.940000
1443.550000
2757.310000
5034.430000
1632.970000
4729.990000
7206.230000
8251.630000
7740.790000
3992.540000
