0.060000
0.050000
0.070000
0.080000
0.070000
0.080000
0.080000
0.100000
0.070000
0.110000
0.080000
0.100000
0.080000
0.090000
0.090000
0.110000
0.120000
0.120000
0.120000
0.110000
0.140000
0.150000
0.140000
0.140000
0.150000
0.150000
0.170000
0.130000
0.200000
0.200000
0.210000
0.090000
0.200000
0.200000
0.250000
0.260000
0.250000
0.240000
0.280000
0.080000
0.120000
0.290000
0.250000
0.170000
0.350000
0.410000
0.430000
0.470000
0.500000
0.390000
0.540000
0.580000
0.510000
0.500000
0.580000
0.680000
0.500000
0.600000
0.650000
0.610000
0.750000
0.780000
0.590000
0.860000
0.880000
0.980000
0.890000
0.270000
1.100000
1.010000
0.440000
1.220000
1.460000
1.180000
1.710000
0.210000
1.550000
0.720000
2.320000
2.130000
2.880000
2.170000
1.330000
3.440000
2.530000
1.870000
8.320000
3.200000
7.850000
4.140000
8.070000
9.000000
3.050000
11.860000
9.300000
5.030000
29.300000
11.960000
31.320000
64.320000
