0.060000
0.070000
0.070000
0.150000
0.060000
0.120000
0.120000
0.130000
0.070000
0.150000
0.140000
0.070000
0.120000
0.110000
0.270000
0.160000
0.170000
0.580000
0.580000
0.430000
0.080000
0.370000
0.110000
0.960000
0.000000
0.620000
0.360000
0.890000
0.300000
0.660000
0.810000
0.110000
0.210000
0.220000
0.420000
0.550000
0.040000
0.550000
1.320000
0.700000
0.340000
0.140000
4.150000
0.430000
2.520000
8.050000
8.120000
6.370000
5.630000
6.450000
8.460000
6.250000
7.060000
5.330000
0.330000
9.290000
3.720000
6.700000
8.200000
6.700000
7.840000
4.740000
0.560000
0.700000
7.170000
0.530000
1.180000
2.480000
3.980000
2.540000
0.310000
7.790000
3.980000
6.390000
18.190000
1.270000
8.350000
1.980000
7.180000
8.880000
6.100000
4.840000
0.830000
0.800000
9.610000
23.150000
5.140000
5.420000
56.400000
4.630000
5.950000
15.540000
30.500000
39.650000
96.120000
26.770000
59.260000
88.160000
98.140000
101.830000
