2.980000
4.530000
2.980000
11.580000
4.980000
5.680000
21.420000
8.180000
17.140000
15.600000
5.120000
7.020000
14.400000
9.580000
10.130000
49.280000
28.770000
57.060000
61.080000
63.340000
45.230000
73.030000
102.030000
50.860000
42.970000
39.620000
142.440000
94.040000
72.800000
39.810000
83.400000
11.850000
86.730000
69.080000
90.040000
343.610000
96.560000
69.670000
104.260000
6.280000
43.260000
200.740000
103.700000
106.510000
625.040000
139.340000
272.200000
688.220000
778.110000
86.860000
316.440000
802.660000
773.370000
230.520000
296.220000
1257.160000
280.150000
333.750000
268.980000
507.010000
337.530000
616.480000
1399.200000
237.180000
2070.160000
739.440000
1289.500000
204.430000
908.140000
1943.010000
825.020000
581.570000
1097.510000
829.080000
4229.820000
318.430000
1616.100000
325.700000
2886.280000
2573.370000
1492.060000
1109.710000
2115.060000
3888.410000
1249.220000
3623.570000
5534.940000
6329.860000
5941.320000
3066.400000
6258.820000
6741.960000
3224.080000
9236.900000
2558.020000
4519.990000
18710.310000
8152.470000
