1.240000
1.880000
1.230000
4.770000
2.060000
2.340000
8.850000
3.370000
7.070000
6.430000
2.120000
2.900000
5.950000
3.950000
4.180000
20.320000
11.870000
23.520000
25.180000
26.140000
18.650000
30.130000
42.120000
20.980000
17.730000
16.370000
58.690000
38.720000
30.020000
16.420000
34.380000
4.890000
35.770000
28.490000
37.150000
141.540000
39.810000
28.770000
43.050000
2.600000
17.860000
82.840000
42.750000
43.870000
257.520000
57.510000
112.080000
283.920000
320.730000
35.860000
130.600000
331.020000
319.080000
95.060000
122.130000
518.100000
115.490000
137.600000
110.840000
209.380000
139.170000
254.320000
577.360000
98.060000
853.500000
304.660000
531.690000
84.270000
374.250000
800.510000
340.540000
239.930000
452.210000
341.750000
1743.880000
131.280000
666.270000
134.410000
1190.920000
1062.570000
615.560000
457.620000
872.680000
1601.060000
515.920000
1495.420000
2282.830000
2611.260000
2450.580000
1264.520000
2581.200000
2779.390000
1331.830000
3811.580000
1056.000000
1869.160000
7721.990000
3365.350000
12372.760000
14798.880000
