0.000000
0.020000
0.010000
0.030000
0.020000
0.020000
0.040000
0.040000
0.040000
0.060000
0.010000
0.020000
0.040000
0.030000
0.030000
0.150000
0.120000
0.160000
0.220000
0.190000
0.130000
0.200000
0.430000
0.170000
0.120000
0.120000
0.570000
0.310000
0.340000
0.410000
0.220000
0.030000
0.290000
0.380000
0.410000
1.150000
0.310000
0.180000
0.340000
0.030000
0.100000
1.080000
0.360000
0.320000
1.720000
0.470000
0.740000
2.320000
2.890000
0.270000
0.820000
1.910000
2.100000
0.740000
1.130000
4.490000
1.170000
1.160000
0.920000
1.450000
1.140000
1.780000
4.570000
0.700000
6.730000
2.160000
3.840000
0.680000
2.690000
4.510000
2.670000
1.870000
5.360000
3.250000
13.230000
1.110000
6.680000
1.110000
10.540000
8.380000
4.920000
3.460000
4.720000
17.420000
3.890000
11.600000
17.670000
23.710000
19.330000
9.640000
21.300000
21.880000
9.600000
32.080000
8.300000
10.440000
58.690000
34.710000
100.090000
110.620000
