0.000000
0.020000
0.010000
0.040000
0.010000
0.060000
0.060000
0.080000
0.040000
0.080000
0.050000
0.020000
0.070000
0.090000
0.100000
0.200000
0.190000
0.210000
0.230000
0.240000
0.280000
0.280000
0.340000
0.300000
0.380000
0.390000
0.450000
0.260000
0.690000
0.510000
0.670000
0.110000
0.630000
0.730000
1.020000
1.120000
0.900000
0.870000
1.130000
0.060000
0.200000
1.330000
0.950000
0.470000
2.020000
2.050000
2.520000
2.090000
3.110000
0.980000
2.390000
2.880000
2.830000
2.640000
3.490000
4.120000
2.600000
3.530000
3.400000
2.780000
4.430000
5.050000
3.290000
4.110000
5.410000
5.990000
5.570000
1.160000
7.570000
7.150000
1.900000
7.680000
10.770000
7.630000
11.540000
0.820000
10.400000
3.370000
15.040000
13.630000
20.070000
13.520000
8.320000
27.320000
15.780000
11.620000
61.560000
21.380000
62.990000
28.180000
60.670000
70.470000
17.740000
88.000000
37.510000
29.910000
185.740000
85.410000
233.750000
467.350000
