3.870000
5.870000
3.850000
15.020000
6.440000
7.350000
27.920000
10.600000
22.240000
20.260000
6.630000
9.130000
18.710000
12.410000
13.160000
64.150000
37.320000
74.070000
79.320000
82.640000
58.810000
95.020000
133.330000
66.260000
56.030000
51.780000
184.960000
121.710000
94.610000
51.970000
108.250000
15.430000
112.900000
89.770000
117.320000
445.570000
125.500000
90.940000
136.090000
8.150000
56.400000
261.550000
134.890000
138.190000
811.180000
181.650000
352.670000
897.030000
1011.610000
113.380000
412.910000
1044.790000
1008.000000
299.910000
385.160000
1633.030000
364.230000
433.950000
349.300000
663.140000
439.270000
803.460000
1824.870000
311.190000
2692.530000
960.460000
1677.870000
265.540000
1180.260000
2522.680000
1076.670000
758.220000
1424.550000
1077.180000
5500.300000
413.630000
2100.620000
424.650000
3763.810000
3362.590000
1944.970000
1443.560000
2757.500000
5034.310000
1632.990000
4730.280000
7206.490000
8252.390000
7740.800000
3993.050000
8150.700000
8769.010000
4219.470000
12049.500000
3339.250000
5936.280000
