0.050000
0.060000
0.050000
0.120000
0.110000
0.200000
0.100000
0.380000
0.090000
0.100000
0.150000
0.140000
0.120000
0.100000
0.620000
0.180000
0.330000
0.560000
0.680000
0.290000
0.550000
2.300000
0.330000
0.430000
0.540000
0.430000
0.490000
0.520000
0.740000
1.240000
1.370000
3.590000
0.580000
1.100000
2.190000
0.970000
0.850000
1.040000
1.960000
0.100000
0.220000
2.530000
1.380000
0.370000
2.340000
6.710000
2.390000
4.120000
3.160000
6.630000
10.800000
4.490000
8.720000
1.040000
2.230000
8.200000
5.370000
4.160000
3.630000
6.680000
4.230000
5.960000
4.370000
2.080000
6.520000
34.690000
7.830000
1.620000
6.000000
7.840000
1.320000
6.590000
9.070000
19.120000
10.360000
0.960000
24.730000
4.980000
23.580000
41.240000
44.080000
16.580000
19.760000
128.160000
12.140000
9.180000
555.000000
59.850000
184.970000
78.820000
77.670000
107.050000
34.610000
55.220000
392.570000
20.970000
573.700000
42.320000
234.180000
396.780000
