0.000000
0.020000
0.000000
0.030000
0.010000
0.010000
0.050000
0.020000
0.040000
0.040000
0.010000
0.020000
0.030000
0.030000
0.020000
0.120000
0.070000
0.150000
0.150000
0.160000
0.110000
0.170000
0.240000
0.130000
0.100000
0.090000
0.370000
0.250000
0.180000
0.090000
0.210000
0.030000
0.220000
0.170000
0.220000
0.890000
0.240000
0.160000
0.260000
0.020000
0.100000
0.510000
0.260000
0.260000
1.630000
0.340000
0.690000
1.650000
1.910000
0.210000
0.740000
1.980000
1.910000
0.580000
0.730000
3.160000
0.690000
0.870000
0.670000
1.210000
0.870000
1.530000
3.480000
0.530000
5.170000
1.810000
3.200000
0.520000
2.320000
5.020000
2.040000
1.420000
2.820000
2.150000
10.620000
0.820000
4.100000
0.790000
6.920000
6.240000
3.630000
2.720000
5.060000
10.070000
2.930000
8.520000
13.140000
15.230000
14.720000
7.280000
15.740000
16.920000
7.620000
22.790000
6.190000
10.290000
44.700000
20.070000
73.020000
87.000000
