1.980000
2.990000
1.960000
7.660000
3.290000
3.750000
14.160000
5.410000
11.340000
10.320000
3.380000
4.640000
9.520000
6.370000
6.710000
32.600000
19.050000
37.760000
40.410000
41.940000
30.130000
48.340000
67.520000
33.630000
28.640000
26.210000
94.250000
62.230000
48.170000
26.530000
55.190000
7.830000
57.410000
45.710000
60.030000
227.460000
63.920000
46.100000
69.000000
4.150000
28.630000
132.880000
68.630000
70.440000
413.660000
92.210000
180.150000
455.470000
518.780000
57.480000
209.440000
531.320000
511.920000
152.560000
197.530000
831.980000
185.410000
220.880000
178.010000
335.490000
223.330000
411.020000
926.030000
156.960000
1370.240000
489.410000
853.540000
135.310000
601.060000
1285.700000
546.050000
384.920000
726.430000
552.700000
2799.690000
212.290000
1069.960000
215.640000
1910.340000
1703.310000
987.460000
734.610000
1399.790000
2573.470000
826.860000
2398.060000
3663.610000
4189.510000
3932.000000
2029.450000
