0.070000
0.060000
0.080000
0.080000
0.080000
0.090000
0.070000
0.090000
0.080000
0.080000
0.080000
0.080000
0.090000
0.080000
0.090000
0.100000
0.110000
0.110000
0.090000
0.110000
0.110000
0.140000
0.130000
0.120000
0.120000
0.110000
0.150000
0.120000
0.180000
0.170000
0.150000
0.100000
0.160000
0.120000
0.200000
0.170000
0.190000
0.130000
0.170000
0.090000
0.110000
0.270000
0.170000
0.110000
0.170000
0.180000
0.180000
0.300000
0.200000
0.180000
0.270000
0.360000
0.200000
0.210000
0.220000
0.430000
0.260000
0.330000
0.360000
0.370000
0.470000
0.280000
0.500000
0.180000
0.840000
0.490000
0.600000
0.190000
0.450000
0.480000
0.270000
0.920000
0.400000
0.460000
1.450000
0.200000
1.090000
0.490000
1.990000
1.100000
0.840000
0.560000
1.310000
1.040000
0.710000
0.540000
2.070000
2.380000
1.920000
1.270000
2.360000
2.680000
1.150000
5.370000
3.120000
2.300000
7.960000
2.280000
7.860000
25.460000
