1.010000
1.510000
1.010000
3.830000
1.670000
1.890000
7.070000
2.710000
5.670000
5.140000
1.710000
2.340000
4.760000
3.170000
3.370000
16.210000
9.490000
18.790000
20.100000
20.860000
14.880000
24.030000
33.570000
16.740000
14.150000
13.040000
46.840000
30.930000
23.960000
13.100000
27.440000
3.920000
28.530000
22.730000
29.620000
112.990000
31.750000
22.930000
34.300000
2.090000
14.250000
66.030000
34.120000
35.020000
205.460000
45.820000
89.480000
226.240000
255.770000
28.580000
104.040000
263.850000
254.260000
75.790000
97.380000
413.140000
92.110000
109.690000
88.440000
166.670000
110.920000
202.620000
459.910000
77.970000
680.310000
243.020000
423.840000
67.210000
298.500000
638.490000
271.230000
191.140000
360.740000
272.570000
1390.340000
104.690000
531.290000
107.080000
948.630000
845.860000
490.410000
364.830000
695.160000
1278.020000
410.640000
1190.950000
1819.400000
2080.540000
1952.730000
1007.860000
2057.430000
2215.800000
1059.750000
3036.030000
841.010000
1485.920000
6150.560000
2679.770000
9856.960000
