0.990000
1.500000
1.000000
3.800000
1.640000
1.870000
7.000000
2.690000
5.610000
5.100000
1.690000
2.310000
4.720000
3.140000
3.330000
16.080000
9.400000
18.600000
19.930000
20.670000
14.750000
23.820000
33.270000
16.590000
14.020000
12.930000
46.410000
30.640000
23.740000
12.990000
27.180000
3.890000
28.280000
22.520000
29.360000
111.940000
31.470000
22.730000
34.010000
2.080000
14.120000
65.420000
33.830000
34.680000
203.540000
45.420000
88.660000
224.230000
253.440000
28.330000
103.100000
261.480000
251.980000
75.110000
96.520000
409.400000
91.270000
108.710000
87.610000
165.290000
109.920000
200.880000
455.820000
77.310000
674.210000
240.810000
419.960000
66.600000
295.740000
632.850000
268.860000
189.460000
357.320000
270.050000
1377.890000
103.730000
526.500000
106.140000
940.380000
838.400000
486.150000
361.520000
688.900000
1266.180000
407.110000
1180.690000
1802.870000
2062.680000
1913.190000
987.310000
2015.290000
2170.780000
1038.280000
2974.330000
823.920000
1455.700000
6025.310000
2625.450000
9657.000000
11545.930000
