2.470000
3.750000
2.440000
9.580000
4.110000
4.680000
17.800000
6.750000
14.180000
12.920000
4.210000
5.820000
11.930000
7.920000
8.380000
40.860000
23.790000
47.230000
50.590000
52.660000
37.490000
60.580000
84.880000
42.200000
35.640000
32.990000
118.000000
77.640000
60.310000
33.080000
69.040000
9.810000
71.960000
57.220000
74.770000
284.410000
79.950000
57.920000
86.710000
5.200000
35.950000
166.620000
85.910000
88.150000
517.520000
115.810000
224.990000
571.650000
644.650000
72.210000
263.190000
665.780000
642.300000
191.220000
245.430000
1040.750000
232.080000
276.790000
222.740000
421.820000
280.120000
511.980000
1162.800000
198.130000
1715.840000
611.750000
1069.550000
169.370000
752.610000
1608.400000
685.790000
482.950000
908.320000
686.710000
3505.980000
263.780000
1338.670000
270.660000
2396.700000
2140.990000
1239.130000
919.850000
1756.340000
3213.220000
1038.830000
3009.230000
4597.000000
5255.420000
4932.480000
2542.860000
5193.620000
5586.720000
2687.220000
7675.640000
2128.580000
3776.060000
