030, 060, 095-099

burns
  0.000000   0.000000   0.310000 (  0.324689)
  0.000000   0.000000   1.720000 (  1.855154)
  0.000000   0.000000  12.690000 ( 12.787587)
  0.000000   0.000000  71.390000 ( 72.314297)
  0.000000   0.000000  42.000000 ( 42.291708)
  0.000000   0.000000 120.130000 (122.105673)
  0.000000   0.000000 137.250000 (138.869958)
841s

mine
  0.000000   0.010000   0.280000 (  0.279016)
  0.000000   0.000000   1.100000 (  1.113252)
  0.000000   0.000000  13.610000 ( 13.692291)
  0.000000   0.000000  59.350000 ( 59.997360)
  0.000000   0.000000  32.890000 ( 33.293262)
  0.000000   0.000000 122.480000 (124.572917)
  0.000000   0.010000 144.860000 (147.637660)
694s

gpusingle
  0.000000   0.000000  27.230000 ( 27.235677)
  0.000000   0.000000 110.080000 (110.092507)

distr baseline
0.000000   0.000000   4.840000 (  4.842248)
0.000000   0.000000  38.390000 ( 38.378792)
0.000000   0.000000  34.450000 ( 34.442072)
0.000000   0.000000  89.210000 ( 89.202538)
0.000000   0.000000 381.050000 (381.006762)
0.000000   0.000000 615.540000 (615.455481)
0.000000   0.000000  87.780000 ( 87.759351)
