1.0678899082568807
1.1869436201780414
1.0578947368421052
1.194476948279897
1.0352248689414145
1.4783222498792583
1.0829501054597004
1.4062448372707748
1.1846092082743467
2.0376065857566434
1.28591396179531
3.4622356495468276
1.1045925139368198
1.08704538241828
1.1356684102496193
1.0483818241255312
1.0494881525656155
1.0410266670477606
1.0579286697413854
1.0731783976548097
1.051980444976554
1.052241405258971
1.0302277142807135
1.0309127759417167
1.0653789338712218
1.058310221904428
1.0758178929970224
1.0153645884696556
1.0305820307817972
1.3006975782130754
1.0858007126560538
1.1596253567552357
1.0182493950854237
1.0216397337806575
1.0923970477018854
1.0108029058097685
1.068702543462927
1.0606909430438842
1.0194192325141678
1.1107507930912937
1.0241366358945974
1.0204071955263363
1.0662322980917236
1.0202935750381006
1.0115148306676933
1.1083414237359293
1.0085757323497704
1.088677556625838
1.013584871908659
1.4601887163484322
1.223736328520809
1.0249443653961998
1.0189898783971312
1.0076526477635608
1.0254074902368986
1.0093974587602657
1.0459784263232494
1.0088687920355663
1.0235880179318702
1.0754040000329628
1.0080432718498378
1.0101010229152942
1.007195423967963
1.0500489359388372
1.0109560094986054
1.0137780607826168
1.0146944907189674
1.0286846088207633
1.0109261526030089
1.0049782243420702
1.0987542119521414
1.0081344023727012
1.0106605207421797
1.0064486720778723
1.0110523769175377
1.0219306688779968
1.0163710195285078
1.1482900597747534
1.0124060342623369
1.0111299060430674
1.0086194846945906
1.0131017743859922
1.0136701373094192
1.022541388330938
1.0114084187514178
1.0149507679831173
1.0049468067539804
1.007996330145209
1.0060229341814608
1.015680242661143
1.0027229987945312
1.0036212139121692
1.0197508124039782
1.0040790737050647
1.6267133898229515
1.0056282906508507
1.0207308007441827
1.005283046471863
1.0018186917263858
1.0033460891879618
