1, 0, 0, 0, 1187, 303, 277, 80, 110, 68, 65, 29, 46, 26, 33, 22, 27, 35, 28, 15, 31, 16, 27, 9, 22, 14, 12, 6, 3, 2, 0, 0, 0, 
1, 0, 0, 0, 483, 222, 249, 116, 213, 99, 124, 81, 123, 90, 77, 58, 84, 52, 68, 47, 63, 48, 34, 30, 21, 13, 8, 24, 10, 1, 2, 0, 0, 
1, 0, 0, 0, 371, 145, 315, 162, 226, 145, 145, 99, 160, 87, 95, 47, 92, 58, 61, 50, 47, 41, 44, 44, 31, 35, 27, 18, 14, 8, 1, 0, 0, 
1, 0, 0, 0, 506, 154, 292, 133, 178, 145, 164, 73, 125, 73, 101, 79, 87, 97, 86, 64, 95, 71, 89, 72, 94, 62, 49, 48, 34, 20, 19, 3, 0, 
1, 0, 0, 0, 519, 356, 304, 119, 197, 136, 137, 87, 130, 91, 75, 59, 69, 44, 47, 34, 49, 54, 38, 38, 36, 26, 31, 16, 15, 13, 1, 0, 0, 
1, 0, 0, 0, 632, 329, 311, 131, 276, 148, 191, 116, 159, 125, 113, 83, 112, 103, 94, 75, 121, 114, 112, 114, 126, 99, 102, 103, 94, 66, 30, 5, 0, 
1, 0, 0, 0, 200, 196, 228, 122, 194, 163, 157, 99, 140, 114, 121, 63, 89, 80, 105, 101, 112, 122, 134, 110, 146, 153, 164, 131, 151, 88, 34, 4, 0, 
1, 0, 0, 0, 693, 411, 459, 192, 293, 163, 188, 128, 166, 98, 113, 81, 113, 92, 108, 99, 129, 114, 140, 104, 128, 124, 128, 123, 101, 86, 60, 23, 0, 
1, 0, 0, 0, 452, 288, 303, 137, 209, 149, 137, 81, 115, 89, 92, 67, 88, 76, 81, 66, 100, 84, 97, 108, 134, 98, 122, 122, 110, 70, 28, 2, 0, 
1, 0, 0, 0, 543, 188, 267, 91, 148, 142, 128, 94, 135, 92, 78, 88, 101, 74, 65, 90, 73, 87, 85, 72, 104, 74, 72, 78, 84, 69, 45, 20, 0, 
1, 0, 0, 0, 559, 534, 498, 215, 321, 193, 195, 131, 181, 114, 123, 97, 128, 104, 138, 105, 137, 120, 153, 124, 124, 163, 138, 109, 84, 63, 24, 3, 0, 
1, 0, 0, 0, 1329, 146, 208, 115, 146, 92, 72, 58, 38, 29, 22, 10, 19, 14, 11, 9, 18, 10, 15, 8, 8, 10, 7, 7, 8, 10, 2, 2, 0, 
1, 0, 0, 0, 173, 164, 229, 118, 181, 115, 137, 122, 116, 87, 99, 73, 87, 69, 85, 83, 116, 112, 120, 132, 153, 153, 185, 167, 156, 106, 58, 5, 0, 
1, 0, 0, 0, 224, 285, 161, 76, 143, 79, 110, 77, 84, 79, 65, 60, 86, 88, 100, 93, 126, 153, 186, 150, 195, 222, 222, 218, 207, 189, 92, 10, 0, 
1, 0, 0, 0, 362, 271, 313, 106, 237, 186, 190, 125, 154, 109, 110, 84, 97, 83, 106, 109, 139, 145, 205, 169, 231, 220, 232, 203, 165, 145, 90, 22, 0, 
1, 0, 0, 0, 59, 83, 223, 45, 104, 91, 97, 98, 100, 96, 108, 85, 133, 121, 129, 149, 162, 182, 239, 212, 288, 294, 289, 294, 352, 330, 256, 66, 0, 
1, 0, 0, 0, 67, 117, 138, 84, 143, 130, 121, 87, 113, 111, 105, 102, 153, 141, 195, 181, 235, 243, 297, 275, 303, 362, 389, 394, 441, 389, 283, 40, 0, 
1, 0, 0, 0, 61, 63, 73, 78, 129, 112, 103, 71, 118, 85, 104, 80, 105, 77, 113, 105, 174, 140, 198, 224, 274, 305, 391, 461, 548, 510, 380, 74, 0, 
1, 0, 0, 0, 127, 185, 233, 113, 166, 104, 107, 126, 140, 115, 124, 124, 131, 153, 169, 160, 199, 192, 241, 239, 281, 298, 339, 366, 391, 329, 272, 65, 0, 
1, 0, 0, 0, 256, 157, 150, 48, 123, 97, 114, 87, 114, 78, 85, 80, 78, 96, 89, 95, 142, 124, 154, 147, 237, 258, 254, 333, 367, 367, 334, 118, 0, 
1, 0, 0, 0, 75, 130, 91, 67, 121, 105, 111, 94, 111, 101, 116, 99, 151, 109, 128, 138, 188, 186, 250, 256, 314, 352, 431, 436, 583, 566, 474, 92, 0, 
1, 0, 0, 0, 177, 190, 188, 153, 253, 176, 212, 161, 168, 157, 162, 142, 170, 172, 185, 158, 218, 226, 306, 263, 357, 365, 352, 410, 455, 463, 413, 121, 0, 
1, 0, 0, 0, 57, 52, 106, 22, 54, 43, 68, 59, 81, 52, 68, 49, 74, 84, 114, 92, 152, 140, 187, 197, 267, 297, 338, 407, 529, 572, 529, 213, 0, 
1, 0, 0, 0, 53, 114, 119, 54, 118, 94, 100, 60, 92, 74, 94, 66, 92, 81, 109, 96, 137, 155, 191, 208, 280, 268, 374, 447, 559, 546, 562, 173, 0, 
1, 0, 0, 0, 69, 46, 47, 33, 63, 46, 55, 56, 89, 75, 85, 55, 83, 69, 121, 104, 151, 183, 189, 177, 274, 313, 377, 451, 613, 724, 671, 234, 0, 
1, 0, 0, 0, 81, 106, 79, 60, 86, 81, 122, 92, 110, 79, 97, 70, 112, 92, 116, 117, 167, 177, 194, 218, 293, 319, 406, 471, 624, 679, 673, 263, 0, 
1, 0, 0, 0, 52, 106, 161, 89, 146, 73, 109, 87, 114, 103, 116, 97, 131, 128, 150, 143, 200, 179, 248, 259, 348, 368, 483, 545, 693, 778, 727, 236, 0, 
1, 0, 0, 0, 40, 41, 82, 50, 81, 76, 73, 60, 88, 90, 98, 82, 118, 110, 159, 118, 220, 231, 296, 308, 414, 447, 569, 631, 750, 601, 373, 35, 0, 
1, 0, 0, 0, 45, 35, 47, 31, 52, 43, 60, 43, 73, 74, 74, 62, 56, 78, 93, 101, 162, 144, 225, 235, 319, 369, 492, 622, 899, 1171, 1176, 457, 0, 
1, 0, 0, 0, 195, 96, 77, 33, 87, 56, 67, 56, 79, 68, 68, 59, 85, 90, 76, 76, 142, 119, 142, 150, 235, 235, 293, 356, 491, 609, 655, 401, 0, 
1, 0, 0, 0, 79, 129, 125, 105, 199, 124, 118, 117, 145, 123, 134, 95, 142, 131, 163, 144, 193, 194, 276, 242, 326, 347, 396, 574, 846, 991, 1073, 449, 0, 
1, 0, 0, 0, 284, 153, 166, 89, 184, 130, 217, 146, 173, 89, 113, 85, 108, 95, 98, 85, 108, 110, 137, 91, 150, 122, 126, 102, 117, 97, 95, 35, 0, 
1, 0, 0, 0, 64, 40, 40, 22, 84, 60, 58, 50, 67, 82, 76, 66, 80, 73, 74, 82, 126, 146, 195, 212, 293, 335, 463, 530, 877, 1182, 1401, 550, 0, 
1, 0, 0, 0, 99, 81, 103, 65, 143, 91, 133, 112, 173, 118, 112, 93, 122, 141, 151, 154, 214, 178, 230, 267, 339, 347, 471, 554, 765, 1096, 1312, 479, 0, 
1, 0, 0, 0, 97, 142, 85, 33, 88, 37, 84, 59, 89, 81, 84, 60, 73, 85, 112, 104, 122, 160, 178, 182, 215, 266, 398, 487, 652, 887, 1311, 876, 0, 
1, 0, 0, 0, 10, 10, 25, 12, 25, 29, 42, 19, 35, 33, 30, 20, 29, 46, 45, 73, 82, 121, 168, 143, 251, 298, 420, 576, 914, 1442, 2435, 1161, 0, 
1, 0, 0, 0, 31, 52, 56, 43, 64, 57, 80, 69, 84, 69, 87, 103, 108, 107, 116, 111, 158, 157, 207, 181, 265, 304, 418, 542, 704, 1121, 1371, 828, 0, 
1, 0, 0, 0, 120, 99, 75, 35, 77, 65, 69, 69, 66, 66, 64, 53, 83, 66, 86, 81, 122, 124, 156, 154, 230, 276, 376, 449, 695, 968, 1362, 900, 0, 
1, 0, 0, 0, 6, 42, 43, 14, 41, 36, 58, 45, 73, 53, 65, 62, 89, 86, 92, 98, 127, 139, 191, 196, 259, 360, 415, 490, 801, 1231, 1940, 1258, 0, 
1, 0, 0, 0, 168, 217, 272, 107, 167, 104, 97, 86, 115, 70, 90, 58, 99, 113, 122, 90, 137, 105, 167, 125, 152, 162, 170, 161, 141, 102, 34, 1, 0, 
1, 0, 0, 0, 135, 135, 101, 60, 110, 93, 110, 93, 121, 120, 121, 88, 129, 98, 122, 109, 171, 158, 202, 206, 271, 289, 292, 326, 353, 312, 284, 98, 0, 
1, 0, 0, 0, 24, 26, 26, 17, 37, 31, 42, 39, 40, 45, 42, 50, 63, 72, 99, 72, 154, 153, 184, 231, 323, 371, 481, 719, 1076, 1630, 2575, 1405, 0, 
1, 0, 0, 0, 27, 23, 32, 21, 51, 35, 39, 51, 55, 38, 40, 33, 65, 62, 67, 70, 112, 93, 148, 131, 204, 239, 339, 438, 660, 1000, 1596, 1029, 0, 
1, 0, 0, 0, 23, 30, 74, 73, 84, 67, 67, 65, 64, 58, 58, 56, 87, 85, 95, 89, 144, 180, 248, 271, 385, 370, 497, 577, 801, 1028, 947, 309, 0, 
1, 0, 0, 0, 11, 3, 7, 2, 8, 11, 19, 9, 5, 14, 15, 12, 22, 26, 36, 31, 51, 81, 93, 113, 197, 226, 319, 545, 833, 1441, 2896, 2463, 0, 
1, 0, 0, 0, 39, 41, 74, 27, 52, 44, 48, 55, 88, 59, 69, 49, 95, 73, 103, 99, 125, 139, 161, 208, 248, 259, 353, 406, 609, 945, 1808, 2023, 0, 
1, 0, 0, 0, 11, 11, 8, 7, 13, 12, 13, 14, 20, 22, 24, 28, 25, 25, 44, 45, 57, 65, 115, 126, 170, 219, 330, 434, 755, 1335, 2899, 3673, 0, 
1, 0, 0, 0, 81, 103, 60, 49, 88, 78, 100, 63, 91, 90, 109, 82, 116, 107, 98, 113, 169, 159, 203, 218, 270, 277, 410, 506, 658, 1013, 1791, 2092, 0, 
1, 0, 0, 0, 21, 27, 24, 27, 44, 38, 66, 47, 73, 60, 47, 47, 74, 54, 78, 65, 101, 87, 159, 138, 178, 244, 362, 425, 668, 1123, 2761, 3831, 0, 
1, 0, 0, 0, 62, 92, 63, 43, 84, 81, 84, 68, 88, 74, 87, 70, 115, 97, 121, 127, 178, 181, 216, 270, 329, 326, 379, 452, 568, 734, 923, 652, 0, 
1, 0, 0, 0, 44, 25, 15, 16, 22, 22, 32, 24, 18, 23, 31, 31, 39, 40, 47, 51, 76, 87, 108, 110, 196, 239, 293, 396, 675, 1209, 2325, 3183, 0, 
1, 0, 0, 0, 32, 17, 29, 28, 45, 36, 42, 39, 48, 49, 42, 38, 58, 71, 62, 79, 112, 109, 144, 154, 242, 243, 336, 471, 736, 1332, 3197, 4352, 0, 
1, 0, 0, 0, 55, 29, 52, 30, 54, 49, 46, 44, 71, 50, 69, 64, 81, 71, 91, 80, 125, 146, 163, 190, 285, 358, 479, 611, 923, 1585, 3133, 3426, 0, 
1, 0, 0, 0, 1, 1, 0, 1, 3, 2, 11, 2, 3, 5, 13, 11, 14, 15, 19, 17, 48, 50, 56, 83, 128, 151, 290, 385, 678, 1207, 2909, 4197, 0, 
1, 0, 0, 0, 6, 2, 1, 5, 12, 12, 15, 7, 10, 9, 11, 7, 7, 12, 18, 18, 29, 33, 67, 75, 108, 126, 178, 254, 482, 891, 2419, 4822, 0, 
1, 0, 0, 0, 3, 9, 9, 7, 21, 18, 9, 18, 12, 25, 27, 16, 34, 38, 51, 49, 76, 82, 115, 131, 212, 250, 419, 514, 867, 1418, 3318, 6400, 0, 
1, 0, 0, 0, 36, 34, 47, 30, 49, 59, 73, 52, 80, 51, 80, 61, 72, 68, 80, 81, 123, 121, 130, 191, 224, 272, 372, 505, 796, 1320, 2567, 3289, 0, 
1, 0, 0, 0, 8, 3, 0, 6, 12, 10, 7, 3, 8, 5, 6, 13, 11, 12, 20, 15, 34, 37, 50, 71, 107, 154, 235, 363, 681, 1372, 3566, 5617, 0, 
1, 0, 0, 0, 28, 17, 25, 14, 28, 34, 40, 27, 29, 40, 41, 32, 44, 52, 58, 68, 92, 98, 118, 126, 193, 244, 315, 461, 696, 1125, 2556, 4666, 0, 
1, 0, 0, 0, 17, 25, 4, 6, 16, 10, 16, 13, 9, 17, 18, 21, 21, 24, 33, 41, 53, 52, 87, 109, 166, 234, 309, 442, 677, 1289, 2633, 3918, 0, 
1, 0, 0, 0, 4, 4, 3, 8, 4, 6, 3, 5, 12, 8, 14, 16, 15, 16, 7, 21, 45, 51, 69, 83, 112, 157, 234, 377, 647, 1171, 2933, 5850, 0, 
1, 0, 0, 0, 10, 5, 9, 11, 21, 8, 10, 6, 10, 16, 20, 17, 31, 28, 48, 43, 63, 61, 107, 127, 172, 211, 308, 428, 658, 1199, 2955, 7126, 0, 
1, 0, 0, 0, 5, 1, 7, 7, 13, 6, 8, 10, 8, 4, 18, 17, 22, 22, 33, 30, 43, 52, 86, 114, 204, 228, 299, 468, 750, 1335, 3411, 5102, 0, 
1, 0, 0, 0, 19, 23, 36, 13, 18, 16, 28, 26, 37, 20, 38, 26, 37, 39, 47, 33, 53, 78, 64, 76, 114, 120, 157, 227, 338, 546, 1428, 3647, 0, 
1, 0, 0, 0, 6, 15, 11, 8, 20, 12, 24, 5, 25, 26, 18, 20, 35, 19, 34, 45, 41, 63, 89, 75, 142, 171, 242, 353, 563, 1174, 2895, 7504, 0, 
1, 0, 0, 0, 21, 47, 15, 9, 23, 29, 40, 33, 44, 41, 46, 45, 83, 60, 113, 78, 97, 114, 151, 149, 257, 234, 339, 460, 708, 1153, 2599, 6990, 0, 
1, 0, 0, 0, 10, 12, 24, 9, 16, 7, 10, 11, 11, 16, 21, 11, 22, 20, 24, 16, 33, 46, 66, 96, 114, 148, 224, 325, 603, 1133, 2793, 7105, 0, 
1, 0, 0, 0, 17, 15, 12, 24, 57, 47, 28, 38, 55, 39, 50, 46, 61, 56, 92, 74, 130, 133, 185, 194, 273, 313, 437, 501, 883, 1434, 2406, 1338, 0, 
1, 0, 0, 0, 13, 6, 8, 7, 15, 11, 5, 6, 11, 10, 20, 12, 19, 19, 25, 24, 36, 49, 52, 72, 100, 146, 206, 295, 504, 935, 2576, 9448, 0, 
1, 0, 0, 0, 2, 0, 0, 0, 0, 1, 0, 1, 2, 1, 1, 3, 8, 8, 4, 13, 13, 13, 23, 35, 41, 79, 158, 278, 508, 1177, 3654, 10755, 0, 
1, 0, 0, 0, 30, 34, 26, 6, 26, 12, 14, 18, 26, 28, 23, 37, 30, 27, 33, 35, 52, 69, 97, 97, 195, 194, 290, 386, 654, 1019, 1997, 2279, 0, 
1, 0, 0, 0, 0, 3, 0, 6, 4, 4, 3, 9, 8, 9, 10, 7, 8, 7, 17, 19, 22, 23, 38, 32, 74, 85, 155, 204, 396, 642, 1782, 8072, 0, 
1, 0, 0, 0, 3, 2, 6, 0, 4, 5, 3, 4, 5, 3, 5, 6, 8, 9, 19, 9, 23, 23, 40, 51, 74, 77, 137, 219, 451, 957, 2487, 11215, 0, 
1, 0, 0, 0, 9, 9, 10, 6, 9, 9, 10, 9, 16, 12, 16, 14, 16, 24, 38, 38, 56, 59, 82, 95, 142, 143, 285, 370, 716, 1297, 3717, 10473, 0, 
1, 0, 0, 0, 5, 5, 5, 4, 18, 5, 9, 3, 9, 13, 5, 7, 11, 8, 11, 13, 32, 33, 39, 43, 64, 77, 116, 207, 353, 653, 1992, 9480, 0, 
1, 0, 0, 0, 32, 38, 43, 30, 45, 36, 48, 36, 64, 38, 56, 44, 57, 49, 69, 72, 119, 82, 142, 188, 262, 282, 368, 486, 759, 1105, 1432, 762, 0, 
1, 0, 0, 0, 6, 4, 6, 7, 8, 15, 9, 10, 7, 8, 10, 7, 7, 14, 19, 21, 32, 53, 41, 63, 90, 134, 192, 289, 532, 1016, 2670, 10441, 0, 
1, 0, 0, 0, 37, 28, 38, 18, 31, 16, 28, 32, 41, 25, 37, 38, 54, 36, 46, 34, 63, 79, 96, 113, 140, 171, 224, 276, 463, 777, 1680, 3419, 0, 
1, 0, 0, 0, 7, 0, 2, 2, 9, 2, 8, 3, 0, 4, 8, 5, 7, 6, 14, 13, 15, 22, 18, 29, 57, 57, 84, 121, 281, 543, 1554, 10726, 0, 
1, 0, 0, 0, 3, 4, 1, 4, 1, 1, 5, 7, 4, 5, 10, 9, 9, 6, 11, 15, 37, 28, 39, 50, 59, 77, 142, 193, 327, 673, 1809, 11171, 0, 
1, 0, 0, 0, 8, 6, 8, 4, 10, 12, 6, 7, 3, 7, 10, 9, 5, 11, 9, 15, 27, 45, 59, 55, 96, 106, 159, 239, 413, 778, 1956, 13350, 0, 
1, 0, 0, 0, 32, 65, 36, 32, 22, 23, 29, 24, 36, 24, 28, 36, 50, 49, 46, 60, 69, 80, 98, 103, 162, 159, 226, 325, 533, 951, 2235, 10581, 0, 
1, 0, 0, 0, 15, 4, 7, 2, 9, 9, 14, 3, 10, 9, 11, 15, 16, 19, 37, 33, 42, 53, 64, 71, 129, 161, 233, 330, 571, 1010, 2574, 9572, 0, 
1, 0, 0, 0, 22, 12, 18, 9, 11, 8, 9, 8, 12, 6, 8, 12, 14, 18, 13, 13, 25, 31, 56, 51, 90, 100, 135, 246, 430, 773, 2294, 16816, 0, 
1, 0, 0, 0, 4, 0, 0, 0, 4, 2, 9, 5, 4, 10, 4, 11, 16, 10, 21, 9, 22, 23, 29, 49, 49, 84, 86, 166, 278, 537, 1523, 10999, 0, 
1, 0, 0, 0, 0, 3, 2, 1, 4, 3, 11, 3, 4, 11, 16, 10, 16, 22, 20, 17, 36, 32, 47, 46, 61, 83, 94, 186, 285, 584, 1470, 9364, 0, 
1, 0, 0, 0, 9, 0, 5, 3, 9, 4, 8, 3, 6, 7, 8, 6, 3, 2, 7, 7, 14, 13, 32, 34, 46, 80, 87, 120, 328, 623, 1971, 26722, 0, 
1, 0, 0, 0, 5, 2, 7, 1, 2, 2, 1, 3, 4, 6, 7, 8, 7, 7, 13, 7, 14, 23, 26, 34, 82, 83, 129, 184, 417, 849, 2288, 15106, 0, 
1, 0, 0, 0, 3, 1, 3, 0, 4, 3, 6, 7, 10, 8, 8, 4, 2, 9, 3, 6, 8, 8, 14, 30, 41, 37, 70, 126, 217, 522, 1662, 26257, 0, 
1, 0, 0, 0, 4, 12, 6, 3, 3, 0, 5, 9, 5, 9, 8, 7, 9, 17, 19, 21, 24, 45, 46, 41, 68, 96, 132, 192, 340, 609, 1566, 14684, 0, 
1, 0, 0, 0, 0, 1, 0, 0, 2, 0, 1, 1, 1, 4, 0, 0, 1, 4, 2, 3, 4, 5, 4, 8, 12, 27, 40, 77, 194, 539, 1886, 35889, 0, 
1, 0, 0, 0, 1, 0, 0, 4, 2, 0, 2, 0, 2, 4, 1, 0, 3, 3, 2, 2, 2, 6, 10, 7, 24, 25, 53, 82, 170, 392, 1278, 27533, 0, 
1, 0, 0, 0, 1, 1, 0, 0, 1, 0, 2, 1, 4, 2, 1, 2, 3, 2, 9, 0, 6, 10, 6, 18, 26, 50, 52, 90, 168, 369, 1356, 12144, 0, 
1, 0, 0, 0, 0, 0, 2, 2, 0, 0, 0, 0, 0, 0, 0, 1, 0, 0, 1, 1, 3, 2, 6, 3, 0, 11, 2, 20, 40, 129, 716, 33831, 0, 
1, 0, 0, 0, 19, 7, 7, 5, 7, 8, 10, 8, 13, 20, 30, 17, 37, 33, 62, 68, 87, 132, 148, 150, 233, 257, 306, 342, 507, 692, 1441, 12224, 0, 
1, 0, 0, 0, 1, 0, 1, 0, 0, 0, 0, 0, 0, 1, 1, 0, 3, 1, 0, 2, 2, 2, 2, 6, 11, 11, 17, 29, 68, 134, 608, 15695, 0, 
1, 0, 0, 0, 0, 0, 0, 0, 0, 0, 1, 0, 2, 1, 3, 5, 6, 4, 9, 4, 5, 3, 19, 15, 24, 22, 44, 74, 132, 280, 821, 28841, 0, 
1, 0, 0, 0, 4, 0, 4, 1, 0, 0, 4, 0, 0, 2, 0, 0, 0, 1, 3, 1, 3, 2, 0, 3, 13, 15, 13, 30, 83, 121, 608, 22149, 0, 
1, 0, 0, 0, 1, 0, 0, 0, 0, 0, 0, 1, 0, 1, 0, 1, 2, 2, 0, 0, 0, 0, 3, 2, 1, 1, 10, 6, 17, 46, 254, 33257, 0, 
1, 0, 0, 0, 1, 1, 2, 0, 0, 0, 0, 0, 0, 2, 0, 0, 0, 0, 1, 0, 2, 1, 3, 3, 5, 4, 5, 18, 23, 64, 249, 39913, 0, 
