0.688554
2.859256
0.185921
1.035058
1.799734
1.340793
60.428977
1.819726
5.174941
17.244482
11.967848
6.024154
0.577220
12.099732
15.029970
1.419537
37.882297
1.763049
15.596361
38.748644
0.063320
12.267226
5.381340
19.056819
1.308904
20.774546
126.895901
1.425903
3.022301
9.386437
4.842248
20.120371
13.203555
13.335091
2.612570
52.825231
4.048507
1.886916
0.374252
0.284469
2.716752
7.849921
0.782705
28.311978
5.197544
15.040058
5.684132
4.581283
10.419022
36.785055
45.445914
13.320754
0.990831
34.809898
183.588033
0.237277
17.653782
165.960510
52.173322
2.456774
38.378792
4.754830
20.365859
6.479667
4.546962
2.409413
726.262455
26.135940
161.481322
13.852807
99.159837
0.902849
14.891451
8.971063
1.836977
138.067848
32.078803
4.788489
4.719883
80.652951
292.536868
48.054430
103.435450
8.165341
51.895041
12.618933
12.346919
13.491870
15.165654
3.031982
6.903844
91.399591
422.053491
11.125365
76.398605
34.442072
89.202538
381.006762
615.455481
87.759351
