0.180000
0.230000
0.160000
0.500000
0.170000
1.210000
0.610000
0.760000
0.460000
0.810000
0.710000
0.480000
0.520000
0.440000
1.130000
1.520000
0.510000
0.540000
0.630000
2.390000
1.240000
5.640000
1.450000
0.940000
1.250000
1.000000
1.590000
0.590000
1.630000
4.420000
4.640000
0.900000
1.200000
1.330000
2.750000
1.280000
2.660000
2.900000
1.450000
0.480000
1.370000
1.460000
2.220000
1.080000
1.310000
6.790000
1.920000
7.470000
2.060000
9.590000
11.830000
5.190000
5.240000
2.510000
2.620000
5.130000
5.770000
2.710000
2.610000
3.310000
4.700000
2.820000
2.100000
7.540000
5.580000
13.870000
6.330000
1.280000
4.370000
4.820000
3.490000
11.680000
11.360000
5.180000
16.250000
2.100000
11.250000
11.820000
60.020000
23.110000
12.960000
11.230000
7.210000
18.780000
10.940000
14.270000
47.350000
40.950000
33.920000
22.450000
33.920000
36.770000
29.070000
60.790000
74.720000
15.290000
161.950000
41.310000
138.030000
258.510000
