0.020000
0.020000
0.020000
0.050000
0.020000
0.040000
0.050000
0.050000
0.080000
0.060000
0.040000
0.030000
0.050000
0.060000
0.030000
0.200000
0.150000
0.200000
0.280000
0.230000
0.160000
0.270000
0.610000
0.270000
0.160000
0.130000
0.720000
0.400000
0.430000
0.530000
0.310000
0.050000
0.390000
0.500000
0.560000
1.430000
0.430000
0.250000
0.420000
0.050000
0.130000
1.310000
0.440000
0.450000
2.180000
0.570000
0.950000
2.880000
3.590000
0.340000
1.020000
2.430000
3.200000
1.030000
1.790000
6.500000
1.630000
1.600000
1.340000
2.340000
1.720000
2.700000
7.490000
1.250000
11.270000
2.760000
5.490000
1.000000
4.110000
6.920000
3.800000
2.570000
8.010000
4.510000
17.710000
1.520000
9.220000
1.300000
15.460000
12.570000
6.850000
4.610000
6.620000
23.420000
4.800000
14.800000
22.480000
29.300000
23.200000
11.720000
29.270000
27.880000
11.580000
39.160000
9.700000
12.690000
71.390000
42.000000
120.130000
137.250000
