0.010000
0.010000
0.010000
0.040000
0.020000
0.030000
0.070000
0.030000
0.060000
0.050000
0.020000
0.030000
0.050000
0.040000
0.050000
0.160000
0.110000
0.220000
0.220000
0.200000
0.160000
0.250000
0.310000
0.170000
0.140000
0.120000
0.480000
0.320000
0.250000
0.120000
0.280000
0.050000
0.280000
0.230000
0.280000
1.150000
0.320000
0.210000
0.350000
0.020000
0.140000
0.660000
0.330000
0.340000
2.180000
0.460000
0.920000
2.160000
2.480000
0.260000
0.960000
2.550000
2.570000
0.780000
0.990000
4.250000
0.940000
1.140000
0.870000
1.570000
1.100000
1.970000
4.660000
0.690000
6.590000
2.400000
4.190000
0.660000
2.910000
6.540000
2.580000
1.850000
3.640000
2.780000
13.860000
1.060000
5.380000
1.040000
9.050000
8.220000
4.780000
3.520000
6.700000
12.890000
3.800000
11.310000
16.890000
19.970000
19.270000
9.540000
20.790000
22.060000
9.740000
29.700000
8.040000
13.610000
59.350000
32.890000
122.480000
144.860000
