0.990000
1.510000
1.000000
3.810000
1.650000
1.870000
7.010000
2.700000
5.620000
5.130000
1.690000
2.320000
4.730000
3.150000
3.330000
16.100000
9.430000
18.650000
19.950000
20.690000
14.780000
23.850000
33.310000
16.610000
14.040000
12.960000
46.470000
30.700000
23.770000
13.010000
27.230000
3.900000
28.320000
22.550000
29.400000
112.140000
31.530000
22.750000
34.040000
2.070000
14.130000
65.540000
33.860000
34.760000
203.910000
45.490000
88.830000
224.510000
253.820000
28.360000
103.250000
261.890000
252.340000
75.220000
96.690000
410.080000
91.410000
108.910000
87.760000
165.440000
110.080000
201.130000
456.390000
77.400000
675.380000
241.250000
420.600000
66.720000
296.220000
633.800000
269.130000
189.740000
357.980000
270.550000
1379.630000
103.920000
