0.270000
0.350000
0.190000
1.060000
0.230000
1.320000
0.580000
1.730000
0.920000
2.270000
2.340000
1.750000
1.070000
0.770000
2.740000
2.310000
0.930000
0.810000
1.190000
5.680000
1.880000
6.990000
3.850000
1.600000
2.810000
2.320000
3.190000
0.890000
2.730000
14.660000
8.800000
2.050000
2.560000
2.960000
7.740000
3.170000
4.750000
7.900000
4.350000
0.940000
2.890000
3.640000
6.270000
2.030000
4.410000
22.200000
6.800000
21.770000
6.800000
40.850000
21.120000
9.180000
11.590000
7.180000
8.770000
9.250000
13.860000
7.750000
10.150000
11.340000
14.610000
11.060000
7.290000
25.150000
13.820000
18.490000
15.470000
3.710000
16.060000
16.180000
7.950000
19.710000
22.350000
17.740000
29.070000
3.950000
29.850000
32.510000
113.600000
61.060000
49.280000
41.380000
21.110000
66.540000
40.590000
41.440000
166.280000
68.230000
141.330000
83.190000
126.420000
159.320000
72.920000
181.900000
229.660000
67.770000
657.120000
185.320000
495.460000
1098.040000
