prob000
  0.000000   0.000000   0.020000 (  0.032941)
prob001
  0.000000   0.000000   0.050000 (  0.048408)
prob002
  0.010000   0.000000   0.040000 (  0.031945)
prob003
  0.000000   0.000000   0.100000 (  0.102184)
prob004
  0.000000   0.000000   0.050000 (  0.046829)
prob005
  0.000000   0.000000   0.070000 (  0.075197)
prob006
  0.000000   0.000000   0.180000 (  0.180787)
prob007
  0.000000   0.000000   0.100000 (  0.102686)
prob008
  0.000000   0.000000   0.150000 (  0.150206)
prob009
  0.000000   0.000000   0.150000 (  0.141442)
prob010
  0.000000   0.000000   0.070000 (  0.071158)
prob011
  0.000000   0.000000   0.050000 (  0.055680)
prob012
  0.000000   0.000000   0.140000 (  0.141062)
prob013
  0.000000   0.000000   0.120000 (  0.120982)
prob014
  0.000000   0.000000   0.130000 (  0.126759)
prob015
  0.000000   0.000000   0.460000 (  0.457386)
prob016
  0.000000   0.000000   0.310000 (  0.320736)
prob017
  0.010000   0.000000   0.560000 (  0.546748)
prob018
  0.000000   0.000000   0.560000 (  0.557113)
prob019
  0.000000   0.000000   0.560000 (  0.569919)
prob020
  0.000000   0.000000   0.470000 (  0.473410)
prob021
  0.000000   0.000000   0.680000 (  0.679808)
prob022
  0.000000   0.000000   0.870000 (  0.869803)
prob023
  0.000000   0.000000   0.520000 (  0.521858)
prob024
  0.000000   0.000000   0.500000 (  0.504536)
prob025
  0.000000   0.000000   0.470000 (  0.469380)
prob026
  0.000000   0.000000   1.230000 (  1.230216)
prob027
  0.000000   0.000000   0.860000 (  0.866435)
prob028
  0.000000   0.000000   0.920000 (  0.925871)
prob029
  0.010000   0.000000   0.500000 (  0.491065)
prob030
  0.000000   0.000000   0.970000 (  0.964860)
prob031
  0.000000   0.000000   0.120000 (  0.124711)
prob032
  0.000000   0.000000   0.960000 (  0.964806)
prob033
  0.000000   0.000000   0.840000 (  0.842782)
prob034
  0.000000   0.000000   1.060000 (  1.058676)
prob035
  0.000000   0.000000   3.090000 (  3.101597)
prob036
  0.000000   0.000000   1.140000 (  1.134748)
prob037
  0.000000   0.000000   0.870000 (  0.877160)
prob038
  0.000000   0.000000   1.290000 (  1.293512)
prob039
  0.000000   0.000000   0.080000 (  0.081901)
prob040
  0.000000   0.000000   0.410000 (  0.405698)
prob041
  0.000000   0.000000   2.150000 (  2.156850)
prob042
  0.000000   0.000000   1.210000 (  1.213988)
prob043
  0.000000   0.000000   1.050000 (  1.051669)
prob044
  0.000000   0.000000   5.420000 (  5.430504)
prob045
  0.000000   0.000000   1.900000 (  1.907371)
prob046
  0.000000   0.000000   3.420000 (  3.418386)
prob047
  0.000000   0.000000   5.410000 (  5.424349)
prob048
  0.000000   0.000000   6.730000 (  6.746850)
prob049
  0.000000   0.000000   1.020000 (  1.027099)
prob050
  0.000000   0.000000   3.310000 (  3.307535)
prob051
  0.000000   0.000000   6.940000 (  6.959103)
prob052
  0.000000   0.000000   6.660000 (  6.666326)
prob053
  0.000000   0.000000   3.070000 (  3.078374)
prob054
  0.000000   0.000000   3.910000 (  3.911015)
prob055
  0.000000   0.000000  10.840000 ( 10.864835)
prob056
  0.000000   0.000000   3.220000 (  3.223318)
prob057
  0.000000   0.000000   4.270000 (  4.275883)
prob058
  0.000000   0.000000   3.610000 (  3.623623)
prob059
  0.000000   0.000000   4.730000 (  4.734258)
prob060
  0.000000   0.000000   4.550000 (  4.561641)
prob061
  0.000000   0.000000   6.790000 (  6.802666)
prob062
  0.000000   0.010000  10.940000 ( 10.954547)
prob063
  0.000000   0.000000   2.920000 (  2.926645)
prob064
  0.000000   0.000000  16.470000 ( 16.497131)
prob065
  0.000000   0.000000   7.820000 (  7.831882)
prob066
  0.000000   0.000000  11.310000 ( 11.329068)
prob067
  0.000000   0.000000   2.130000 (  2.135884)
prob068
  0.000000   0.000000  10.160000 ( 10.181777)
prob069
  0.000000   0.000000  17.230000 ( 17.255570)
prob070
  0.000000   0.000000   6.290000 (  6.309313)
prob071
  0.000000   0.000000   7.470000 (  7.478486)
prob072
  0.000000   0.000000  13.010000 ( 13.032567)
prob073
  0.000000   0.000000   9.650000 (  9.672098)
prob074
  0.000000   0.000000  33.000000 ( 33.060473)
prob075
  0.000000   0.000000   2.640000 (  2.639688)
prob076
  0.000000   0.000000  15.930000 ( 15.957804)
prob077
  0.000000   0.000000   3.630000 (  3.635961)
prob078
  0.010000   0.010000  25.910000 ( 25.931306)
prob079
  0.000000   0.000000  22.570000 ( 22.611513)
prob080
  0.000000   0.000000  19.180000 ( 19.221667)
prob081
  0.000000   0.000000  13.070000 ( 13.084448)
prob082
  0.000000   0.000000  17.980000 ( 18.021331)
prob083
  0.000000   0.000000  39.930000 ( 39.997982)
prob084
  0.000000   0.000000  15.360000 ( 15.382925)
prob085
  0.000000   0.000000  28.360000 ( 28.409909)
prob086
  0.000000   0.000000  70.060000 ( 70.196023)
prob087
  0.000000   0.000000  51.420000 ( 51.506904)
prob088
  0.000000   0.000000  71.230000 ( 71.360454)
prob089
  0.000000   0.000000  32.940000 ( 32.998969)
prob090
  0.000000   0.000000  77.070000 ( 77.208787)
prob091
  0.000000   0.000000  83.290000 ( 83.430043)
prob092
  0.000000   0.000000  28.130000 ( 28.180323)
prob093
  0.000000   0.000000 107.860000 (108.058324)
prob094
  0.000000   0.000000  31.170000 ( 31.211998)
prob095
  0.000000   0.000000  41.700000 ( 41.780881)
prob096
  0.000000   0.000000 192.780000 (193.116321)
prob097
  0.000000   0.000000  90.960000 ( 91.117893)
prob098
  0.000000   0.010000 310.460000 (311.000975)
prob099
  0.000000   0.000000 444.310000 (445.094221)
