prob000
  0.000000   0.000000   0.020000 (  0.023975)
prob001
  0.000000   0.000000   0.020000 (  0.026142)
prob002
  0.000000   0.000000   0.020000 (  0.019916)
prob003
  0.000000   0.000000   0.070000 (  0.062975)
prob004
  0.000000   0.000000   0.020000 (  0.029002)
prob005
  0.000000   0.000000   0.050000 (  0.046546)
prob006
  0.000000   0.000000   0.110000 (  0.113787)
prob007
  0.000000   0.000000   0.070000 (  0.063505)
prob008
  0.000000   0.000000   0.090000 (  0.093522)
prob009
  0.000000   0.000000   0.090000 (  0.086883)
prob010
  0.000000   0.000000   0.040000 (  0.044160)
prob011
  0.010000   0.000000   0.040000 (  0.034476)
prob012
  0.000000   0.010000   0.100000 (  0.088862)
prob013
  0.000000   0.000000   0.080000 (  0.084253)
prob014
  0.000000   0.000000   0.090000 (  0.082003)
prob015
  0.000000   0.000000   0.270000 (  0.282669)
prob016
  0.000000   0.000000   0.200000 (  0.199646)
prob017
  0.000000   0.000000   0.340000 (  0.341106)
prob018
  0.000000   0.000000   0.350000 (  0.350462)
prob019
  0.000000   0.000000   0.340000 (  0.338572)
prob020
  0.000000   0.000000   0.290000 (  0.289099)
prob021
  0.000000   0.000000   0.420000 (  0.420664)
prob022
  0.000000   0.000000   0.530000 (  0.536591)
prob023
  0.000000   0.000000   0.320000 (  0.319561)
prob024
  0.000000   0.000000   0.310000 (  0.310847)
prob025
  0.000000   0.000000   0.290000 (  0.294119)
prob026
  0.000000   0.000000   0.760000 (  0.764941)
prob027
  0.000000   0.000000   0.550000 (  0.544289)
prob028
  0.000000   0.000000   0.580000 (  0.579695)
prob029
  0.000000   0.000000   0.300000 (  0.302275)
prob030
  0.000000   0.000000   0.600000 (  0.602486)
prob031
  0.000000   0.000000   0.070000 (  0.076219)
prob032
  0.000000   0.000000   0.600000 (  0.600678)
prob033
  0.000000   0.000000   0.520000 (  0.523430)
prob034
  0.010000   0.000000   0.660000 (  0.649992)
prob035
  0.000000   0.000000   1.980000 (  1.983215)
prob036
  0.000000   0.000000   0.700000 (  0.709505)
prob037
  0.000000   0.000000   0.540000 (  0.541992)
prob038
  0.000000   0.000000   0.810000 (  0.805240)
prob039
  0.000000   0.000000   0.050000 (  0.051521)
prob040
  0.000000   0.000000   0.250000 (  0.251356)
prob041
  0.000000   0.000000   1.340000 (  1.345267)
prob042
  0.000000   0.000000   0.730000 (  0.734428)
prob043
  0.000000   0.000000   0.650000 (  0.651408)
prob044
  0.000000   0.010000   3.470000 (  3.464387)
prob045
  0.000000   0.000000   1.180000 (  1.184516)
prob046
  0.000000   0.000000   2.170000 (  2.170816)
prob047
  0.000000   0.000000   3.380000 (  3.384401)
prob048
  0.000000   0.000000   4.250000 (  4.251003)
prob049
  0.000000   0.000000   0.610000 (  0.624116)
prob050
  0.000000   0.000000   2.110000 (  2.108835)
prob051
  0.010000   0.000000   4.330000 (  4.330409)
prob052
  0.000000   0.000000   4.100000 (  4.103992)
prob053
  0.000000   0.000000   1.950000 (  1.954583)
prob054
  0.000000   0.000000   2.460000 (  2.469519)
prob055
  0.000000   0.000000   6.750000 (  6.763007)
prob056
  0.000000   0.000000   2.050000 (  2.050661)
prob057
  0.000000   0.000000   2.890000 (  2.893470)
prob058
  0.000000   0.000000   2.400000 (  2.409944)
prob059
  0.000000   0.000000   2.940000 (  2.940418)
prob060
  0.000000   0.000000   2.880000 (  2.892401)
prob061
  0.000000   0.000000   4.290000 (  4.292942)
prob062
  0.000000   0.000000   6.850000 (  6.869489)
prob063
  0.000000   0.010000   1.860000 (  1.850408)
prob064
  0.000000   0.000000  10.330000 ( 10.347197)
prob065
  0.000000   0.000000   4.930000 (  4.935711)
prob066
  0.000000   0.000000   7.110000 (  7.130971)
prob067
  0.000000   0.000000   1.330000 (  1.333960)
prob068
  0.000000   0.000000   6.380000 (  6.396147)
prob069
  0.000000   0.000000  11.370000 ( 11.390355)
prob070
  0.000000   0.000000   4.150000 (  4.152372)
prob071
  0.000000   0.000000   4.870000 (  4.877871)
prob072
  0.000000   0.000000   8.490000 (  8.503604)
prob073
  0.000000   0.000000   6.080000 (  6.085600)
prob074
  0.000000   0.000000  20.430000 ( 20.479643)
prob075
  0.000000   0.000000   1.660000 (  1.661462)
prob076
  0.000000   0.000000   9.990000 ( 10.004581)
prob077
  0.000000   0.000000   2.300000 (  2.305005)
prob078
  0.000000   0.000000  15.990000 ( 16.023091)
prob079
  0.000000   0.000000  13.980000 ( 14.003893)
prob080
  0.010000   0.000000  11.830000 ( 11.834317)
prob081
  0.000000   0.000000   8.040000 (  8.059808)
prob082
  0.000000   0.000000  11.140000 ( 11.159864)
prob083
  0.000000   0.000000  24.970000 ( 25.018781)
prob084
  0.000000   0.000000   9.420000 (  9.431609)
prob085
  0.000000   0.000000  17.490000 ( 17.519165)
prob086
  0.000000   0.000000  44.020000 ( 44.101461)
prob087
  0.000000   0.000000  31.870000 ( 31.924095)
prob088
  0.000000   0.000000  44.450000 ( 44.529103)
prob089
  0.000000   0.000000  20.340000 ( 20.375288)
prob090
  0.000000   0.000000  48.150000 ( 48.233346)
prob091
  0.000000   0.000000  51.590000 ( 51.682701)
prob092
  0.000000   0.010000  17.520000 ( 17.542020)
prob093
  0.000000   0.000000  67.640000 ( 67.763943)
prob094
  0.000000   0.000000  19.280000 ( 19.321975)
prob095
  0.000000   0.000000  25.860000 ( 25.904579)
prob096
  0.000000   0.000000 117.470000 (117.672629)
prob097
  0.000000   0.000000  56.550000 ( 56.652365)
prob098
  0.000000   0.000000 193.230000 (193.569441)
prob099
  0.000000   0.000000 274.740000 (275.220289)
22min
